DATE,SEASON,VISITOR_TEAM,VISITOR_SCORE,HOME_TEAM,HOME_SCORE,OTS,PLAYOFF
2007-10-30,2008,Portland Trail Blazers,97,San Antonio Spurs,106,0,N
2007-10-30,2008,Utah Jazz,117,Golden State Warriors,96,0,N
2007-10-30,2008,Houston Rockets,95,Los Angeles Lakers,93,0,N
2007-10-31,2008,Washington Wizards,110,Indiana Pacers,119,1,N
2007-10-31,2008,Milwaukee Bucks,83,Orlando Magic,102,0,N
2007-10-31,2008,Philadelphia 76ers,97,Toronto Raptors,106,0,N
2007-10-31,2008,Chicago Bulls,103,New Jersey Nets,112,1,N
2007-10-31,2008,Dallas Mavericks,92,Cleveland Cavaliers,74,0,N
2007-10-31,2008,San Antonio Spurs,104,Memphis Grizzlies,101,0,N
2007-10-31,2008,Sacramento Kings,90,New Orleans Hornets,104,0,N
2007-10-31,2008,Seattle SuperSonics,103,Denver Nuggets,120,0,N
2007-11-01,2008,Detroit Pistons,91,Miami Heat,80,0,N
2007-11-01,2008,Houston Rockets,106,Utah Jazz,95,0,N
2007-11-01,2008,Phoenix Suns,106,Seattle SuperSonics,99,0,N
2007-11-02,2008,Milwaukee Bucks,99,Charlotte Bobcats,102,0,N
2007-11-02,2008,Miami Heat,85,Indiana Pacers,87,0,N
2007-11-02,2008,Detroit Pistons,116,Orlando Magic,92,0,N
2007-11-02,2008,Dallas Mavericks,94,Atlanta Hawks,101,0,N
2007-11-02,2008,New York Knicks,106,Cleveland Cavaliers,110,0,N
2007-11-02,2008,Toronto Raptors,106,New Jersey Nets,69,0,N
2007-11-02,2008,Washington Wizards,83,Boston Celtics,103,0,N
2007-11-02,2008,Denver Nuggets,99,Minnesota Timberwolves,91,0,N
2007-11-02,2008,Portland Trail Blazers,93,New Orleans Hornets,113,0,N
2007-11-02,2008,Philadelphia 76ers,96,Chicago Bulls,85,0,N
2007-11-02,2008,Sacramento Kings,80,San Antonio Spurs,96,0,N
2007-11-02,2008,Golden State Warriors,114,Los Angeles Clippers,120,0,N
2007-11-02,2008,Los Angeles Lakers,119,Phoenix Suns,98,0,N
2007-11-03,2008,New Jersey Nets,93,Philadelphia 76ers,88,0,N
2007-11-03,2008,Orlando Magic,94,Washington Wizards,82,0,N
2007-11-03,2008,Indiana Pacers,121,Memphis Grizzlies,111,0,N
2007-11-03,2008,Sacramento Kings,102,Dallas Mavericks,123,0,N
2007-11-03,2008,Portland Trail Blazers,80,Houston Rockets,89,0,N
2007-11-03,2008,Chicago Bulls,72,Milwaukee Bucks,78,0,N
2007-11-03,2008,Golden State Warriors,110,Utah Jazz,133,0,N
2007-11-04,2008,Boston Celtics,98,Toronto Raptors,95,1,N
2007-11-04,2008,Seattle SuperSonics,101,Los Angeles Clippers,115,0,N
2007-11-04,2008,Charlotte Bobcats,90,Miami Heat,88,0,N
2007-11-04,2008,Minnesota Timberwolves,93,New York Knicks,97,0,N
2007-11-04,2008,Atlanta Hawks,91,Detroit Pistons,92,0,N
2007-11-04,2008,New Orleans Hornets,93,Denver Nuggets,88,0,N
2007-11-04,2008,Cleveland Cavaliers,92,Phoenix Suns,103,0,N
2007-11-04,2008,Utah Jazz,109,Los Angeles Lakers,119,0,N
2007-11-05,2008,Houston Rockets,98,Dallas Mavericks,107,0,N
2007-11-06,2008,Phoenix Suns,115,Charlotte Bobcats,83,0,N
2007-11-06,2008,Atlanta Hawks,82,New Jersey Nets,87,0,N
2007-11-06,2008,Denver Nuggets,112,New York Knicks,119,0,N
2007-11-06,2008,Toronto Raptors,85,Milwaukee Bucks,112,0,N
2007-11-06,2008,Orlando Magic,111,Minnesota Timberwolves,103,0,N
2007-11-06,2008,Los Angeles Clippers,97,Chicago Bulls,91,0,N
2007-11-06,2008,San Antonio Spurs,81,Houston Rockets,89,0,N
2007-11-06,2008,Seattle SuperSonics,98,Sacramento Kings,104,0,N
2007-11-06,2008,Cleveland Cavaliers,108,Golden State Warriors,104,0,N
2007-11-06,2008,New Orleans Hornets,118,Los Angeles Lakers,104,0,N
2007-11-07,2008,Phoenix Suns,96,Atlanta Hawks,105,0,N
2007-11-07,2008,Los Angeles Clippers,104,Indiana Pacers,89,0,N
2007-11-07,2008,Charlotte Bobcats,63,Philadelphia 76ers,94,0,N
2007-11-07,2008,Orlando Magic,105,Toronto Raptors,96,0,N
2007-11-07,2008,Denver Nuggets,93,Boston Celtics,119,0,N
2007-11-07,2008,Miami Heat,78,San Antonio Spurs,88,0,N
2007-11-07,2008,Memphis Grizzlies,105,Seattle SuperSonics,98,0,N
2007-11-07,2008,New Orleans Hornets,90,Portland Trail Blazers,93,0,N
2007-11-07,2008,Cleveland Cavaliers,101,Utah Jazz,103,0,N
2007-11-08,2008,Washington Wizards,85,New Jersey Nets,87,0,N
2007-11-08,2008,Detroit Pistons,93,Chicago Bulls,97,0,N
2007-11-08,2008,Dallas Mavericks,120,Golden State Warriors,115,0,N
2007-11-09,2008,Indiana Pacers,87,Charlotte Bobcats,96,0,N
2007-11-09,2008,Toronto Raptors,105,Philadelphia 76ers,103,0,N
2007-11-09,2008,Atlanta Hawks,83,Boston Celtics,106,0,N
2007-11-09,2008,Phoenix Suns,106,Miami Heat,101,0,N
2007-11-09,2008,Orlando Magic,112,New York Knicks,102,0,N
2007-11-09,2008,Los Angeles Clippers,79,Detroit Pistons,103,0,N
2007-11-09,2008,San Antonio Spurs,97,New Orleans Hornets,85,0,N
2007-11-09,2008,Denver Nuggets,118,Washington Wizards,92,0,N
2007-11-09,2008,Milwaukee Bucks,88,Houston Rockets,104,0,N
2007-11-09,2008,Memphis Grizzlies,98,Portland Trail Blazers,110,0,N
2007-11-09,2008,Minnesota Timberwolves,93,Los Angeles Lakers,107,0,N
2007-11-09,2008,Cleveland Cavaliers,93,Sacramento Kings,91,0,N
2007-11-09,2008,Utah Jazz,103,Seattle SuperSonics,101,0,N
2007-11-10,2008,Denver Nuggets,113,Indiana Pacers,106,0,N
2007-11-10,2008,Phoenix Suns,106,Orlando Magic,96,0,N
2007-11-10,2008,Boston Celtics,112,New Jersey Nets,101,0,N
2007-11-10,2008,Toronto Raptors,101,Chicago Bulls,71,0,N
2007-11-10,2008,Memphis Grizzlies,94,Utah Jazz,118,0,N
2007-11-10,2008,Dallas Mavericks,82,Portland Trail Blazers,91,0,N
2007-11-10,2008,Minnesota Timberwolves,93,Sacramento Kings,100,0,N
2007-11-11,2008,Washington Wizards,101,Atlanta Hawks,90,0,N
2007-11-11,2008,Houston Rockets,85,Charlotte Bobcats,82,0,N
2007-11-11,2008,Miami Heat,75,New York Knicks,72,0,N
2007-11-11,2008,New Orleans Hornets,93,Philadelphia 76ers,72,0,N
2007-11-11,2008,Milwaukee Bucks,88,San Antonio Spurs,113,0,N
2007-11-11,2008,Detroit Pistons,107,Seattle SuperSonics,103,0,N
2007-11-11,2008,Cleveland Cavaliers,103,Los Angeles Clippers,95,0,N
2007-11-12,2008,New Orleans Hornets,84,New Jersey Nets,82,0,N
2007-11-12,2008,Cleveland Cavaliers,100,Denver Nuggets,122,0,N
2007-11-12,2008,Sacramento Kings,93,Utah Jazz,117,0,N
2007-11-13,2008,Miami Heat,76,Charlotte Bobcats,91,0,N
2007-11-13,2008,Boston Celtics,101,Indiana Pacers,86,0,N
2007-11-13,2008,Seattle SuperSonics,76,Orlando Magic,103,0,N
2007-11-13,2008,Houston Rockets,99,Memphis Grizzlies,105,0,N
2007-11-13,2008,Philadelphia 76ers,84,Dallas Mavericks,99,0,N
2007-11-13,2008,Los Angeles Lakers,92,San Antonio Spurs,107,0,N
2007-11-13,2008,New York Knicks,102,Phoenix Suns,113,0,N
2007-11-13,2008,Detroit Pistons,94,Portland Trail Blazers,102,0,N
2007-11-14,2008,Charlotte Bobcats,109,Atlanta Hawks,117,0,N
2007-11-14,2008,Orlando Magic,117,Cleveland Cavaliers,116,1,N
2007-11-14,2008,Utah Jazz,92,Toronto Raptors,88,0,N
2007-11-14,2008,Indiana Pacers,90,Washington Wizards,103,0,N
2007-11-14,2008,New Jersey Nets,69,Boston Celtics,91,0,N
2007-11-14,2008,Seattle SuperSonics,104,Miami Heat,95,0,N
2007-11-14,2008,Memphis Grizzlies,99,Milwaukee Bucks,102,0,N
2007-11-14,2008,Sacramento Kings,103,Minnesota Timberwolves,108,0,N
2007-11-14,2008,Philadelphia 76ers,76,New Orleans Hornets,95,0,N
2007-11-14,2008,Portland Trail Blazers,93,Denver Nuggets,110,0,N
2007-11-14,2008,Los Angeles Lakers,93,Houston Rockets,90,0,N
2007-11-14,2008,Detroit Pistons,111,Golden State Warriors,104,0,N
2007-11-14,2008,New York Knicks,81,Los Angeles Clippers,84,0,N
2007-11-15,2008,San Antonio Spurs,92,Dallas Mavericks,105,0,N
2007-11-15,2008,Chicago Bulls,102,Phoenix Suns,112,0,N
2007-11-16,2008,Portland Trail Blazers,88,Philadelphia 76ers,92,0,N
2007-11-16,2008,Indiana Pacers,101,Toronto Raptors,110,0,N
2007-11-16,2008,Seattle SuperSonics,126,Atlanta Hawks,123,2,N
2007-11-16,2008,Miami Heat,91,Boston Celtics,92,0,N
2007-11-16,2008,Utah Jazz,94,Cleveland Cavaliers,99,0,N
2007-11-16,2008,Orlando Magic,95,New Jersey Nets,70,0,N
2007-11-16,2008,New Orleans Hornets,120,Memphis Grizzlies,118,1,N
2007-11-16,2008,Washington Wizards,105,Minnesota Timberwolves,89,0,N
2007-11-16,2008,Houston Rockets,84,San Antonio Spurs,90,0,N
2007-11-16,2008,New York Knicks,118,Sacramento Kings,123,2,N
2007-11-16,2008,Los Angeles Clippers,105,Golden State Warriors,122,0,N
2007-11-16,2008,Detroit Pistons,91,Los Angeles Lakers,103,0,N
2007-11-17,2008,Seattle SuperSonics,84,Charlotte Bobcats,100,0,N
2007-11-17,2008,Utah Jazz,97,Indiana Pacers,117,0,N
2007-11-17,2008,Portland Trail Blazers,90,Washington Wizards,109,0,N
2007-11-17,2008,Miami Heat,91,New Jersey Nets,87,0,N
2007-11-17,2008,New Orleans Hornets,100,Minnesota Timberwolves,82,0,N
2007-11-17,2008,Memphis Grizzlies,105,Dallas Mavericks,108,0,N
2007-11-17,2008,Phoenix Suns,115,Houston Rockets,105,0,N
2007-11-17,2008,Atlanta Hawks,96,Milwaukee Bucks,105,0,N
2007-11-17,2008,New York Knicks,83,Denver Nuggets,115,0,N
2007-11-17,2008,Chicago Bulls,92,Los Angeles Clippers,73,0,N
2007-11-18,2008,Golden State Warriors,106,Toronto Raptors,100,0,N
2007-11-18,2008,Boston Celtics,102,Orlando Magic,104,0,N
2007-11-18,2008,Detroit Pistons,95,Sacramento Kings,105,0,N
2007-11-18,2008,Chicago Bulls,78,Los Angeles Lakers,106,0,N
2007-11-19,2008,Portland Trail Blazers,92,Charlotte Bobcats,101,0,N
2007-11-19,2008,Seattle SuperSonics,108,Memphis Grizzlies,125,0,N
2007-11-19,2008,Orlando Magic,95,New Orleans Hornets,88,0,N
2007-11-19,2008,New Jersey Nets,75,Utah Jazz,102,0,N
2007-11-20,2008,San Antonio Spurs,95,Atlanta Hawks,83,0,N
2007-11-20,2008,Milwaukee Bucks,111,Cleveland Cavaliers,107,0,N
2007-11-20,2008,Los Angeles Lakers,134,Indiana Pacers,114,0,N
2007-11-20,2008,Philadelphia 76ers,101,Washington Wizards,116,0,N
2007-11-20,2008,Golden State Warriors,108,New York Knicks,82,0,N
2007-11-20,2008,Toronto Raptors,99,Dallas Mavericks,105,0,N
2007-11-20,2008,Chicago Bulls,91,Denver Nuggets,112,0,N
2007-11-20,2008,Phoenix Suns,100,Sacramento Kings,98,0,N
2007-11-21,2008,Washington Wizards,114,Charlotte Bobcats,111,1,N
2007-11-21,2008,Golden State Warriors,82,Boston Celtics,105,0,N
2007-11-21,2008,Dallas Mavericks,100,Houston Rockets,94,0,N
2007-11-21,2008,Atlanta Hawks,82,Miami Heat,79,0,N
2007-11-21,2008,New York Knicks,86,Detroit Pistons,98,0,N
2007-11-21,2008,Toronto Raptors,95,Memphis Grizzlies,89,0,N
2007-11-21,2008,Los Angeles Lakers,103,Milwaukee Bucks,110,0,N
2007-11-21,2008,Cleveland Cavaliers,97,Minnesota Timberwolves,86,0,N
2007-11-21,2008,Indiana Pacers,105,New Orleans Hornets,93,0,N
2007-11-21,2008,Orlando Magic,110,San Antonio Spurs,128,0,N
2007-11-21,2008,Sacramento Kings,111,Phoenix Suns,127,0,N
2007-11-21,2008,New Jersey Nets,106,Portland Trail Blazers,101,0,N
2007-11-21,2008,Denver Nuggets,90,Los Angeles Clippers,101,0,N
2007-11-23,2008,Charlotte Bobcats,92,Orlando Magic,105,0,N
2007-11-23,2008,Golden State Warriors,123,Washington Wizards,115,0,N
2007-11-23,2008,Los Angeles Lakers,94,Boston Celtics,107,0,N
2007-11-23,2008,Philadelphia 76ers,78,Detroit Pistons,83,0,N
2007-11-23,2008,Dallas Mavericks,107,Indiana Pacers,111,0,N
2007-11-23,2008,Houston Rockets,91,Miami Heat,98,0,N
2007-11-23,2008,Memphis Grizzlies,88,San Antonio Spurs,101,0,N
2007-11-23,2008,Minnesota Timberwolves,93,Denver Nuggets,99,0,N
2007-11-23,2008,Los Angeles Clippers,94,Phoenix Suns,113,0,N
2007-11-23,2008,New Orleans Hornets,71,Utah Jazz,99,0,N
2007-11-23,2008,Sacramento Kings,84,Portland Trail Blazers,87,0,N
2007-11-23,2008,New Jersey Nets,98,Seattle SuperSonics,93,0,N
2007-11-24,2008,Toronto Raptors,108,Cleveland Cavaliers,111,0,N
2007-11-24,2008,Chicago Bulls,78,New York Knicks,85,0,N
2007-11-24,2008,Boston Celtics,96,Charlotte Bobcats,95,0,N
2007-11-24,2008,Miami Heat,99,Orlando Magic,120,0,N
2007-11-24,2008,Golden State Warriors,100,Philadelphia 76ers,98,1,N
2007-11-24,2008,Washington Wizards,118,Memphis Grizzlies,124,0,N
2007-11-24,2008,Atlanta Hawks,94,Minnesota Timberwolves,87,0,N
2007-11-24,2008,Denver Nuggets,81,Houston Rockets,109,0,N
2007-11-24,2008,Dallas Mavericks,95,Milwaukee Bucks,97,0,N
2007-11-24,2008,New Orleans Hornets,98,Los Angeles Clippers,89,0,N
2007-11-25,2008,Chicago Bulls,78,Toronto Raptors,93,0,N
2007-11-25,2008,Utah Jazz,103,Detroit Pistons,93,0,N
2007-11-25,2008,Cleveland Cavaliers,111,Indiana Pacers,106,0,N
2007-11-25,2008,San Antonio Spurs,116,Seattle SuperSonics,101,0,N
2007-11-25,2008,New Jersey Nets,102,Los Angeles Lakers,100,0,N
2007-11-26,2008,Utah Jazz,109,New York Knicks,113,0,N
2007-11-26,2008,Minnesota Timberwolves,103,New Orleans Hornets,94,0,N
2007-11-26,2008,Washington Wizards,110,Dallas Mavericks,98,0,N
2007-11-26,2008,Orlando Magic,85,Portland Trail Blazers,74,0,N
2007-11-26,2008,San Antonio Spurs,99,Sacramento Kings,112,0,N
2007-11-26,2008,Phoenix Suns,114,Golden State Warriors,129,0,N
2007-11-26,2008,Houston Rockets,88,Los Angeles Clippers,71,0,N
2007-11-27,2008,Boston Celtics,104,Cleveland Cavaliers,109,1,N
2007-11-27,2008,Charlotte Bobcats,90,Miami Heat,110,0,N
2007-11-27,2008,Memphis Grizzlies,110,New Jersey Nets,103,0,N
2007-11-27,2008,Philadelphia 76ers,114,Milwaukee Bucks,99,0,N
2007-11-27,2008,Atlanta Hawks,78,Chicago Bulls,90,0,N
2007-11-27,2008,Indiana Pacers,112,Denver Nuggets,110,0,N
2007-11-27,2008,Seattle SuperSonics,99,Los Angeles Lakers,106,0,N
2007-11-28,2008,Milwaukee Bucks,80,Atlanta Hawks,96,0,N
2007-11-28,2008,Utah Jazz,106,Philadelphia 76ers,95,0,N
2007-11-28,2008,Memphis Grizzlies,91,Toronto Raptors,103,0,N
2007-11-28,2008,Cleveland Cavaliers,74,Detroit Pistons,109,0,N
2007-11-28,2008,Minnesota Timberwolves,103,Dallas Mavericks,109,0,N
2007-11-28,2008,Washington Wizards,94,San Antonio Spurs,109,0,N
2007-11-28,2008,Houston Rockets,100,Phoenix Suns,94,0,N
2007-11-28,2008,Indiana Pacers,95,Portland Trail Blazers,89,0,N
2007-11-28,2008,Golden State Warriors,103,Sacramento Kings,96,0,N
2007-11-28,2008,Orlando Magic,110,Seattle SuperSonics,94,0,N
2007-11-29,2008,New York Knicks,59,Boston Celtics,104,0,N
2007-11-29,2008,Houston Rockets,94,Golden State Warriors,113,0,N
2007-11-29,2008,Denver Nuggets,99,Los Angeles Lakers,127,0,N
2007-11-30,2008,Washington Wizards,84,Philadelphia 76ers,85,0,N
2007-11-30,2008,Cleveland Cavaliers,82,Toronto Raptors,91,0,N
2007-11-30,2008,New Orleans Hornets,92,Atlanta Hawks,86,0,N
2007-11-30,2008,Milwaukee Bucks,88,New York Knicks,91,0,N
2007-11-30,2008,Boston Celtics,95,Miami Heat,85,0,N
2007-11-30,2008,San Antonio Spurs,106,Minnesota Timberwolves,91,0,N
2007-11-30,2008,Portland Trail Blazers,80,Dallas Mavericks,91,0,N
2007-11-30,2008,Orlando Magic,106,Phoenix Suns,110,0,N
2007-11-30,2008,Los Angeles Clippers,107,Denver Nuggets,123,0,N
2007-11-30,2008,Indiana Pacers,93,Seattle SuperSonics,95,0,N
2007-11-30,2008,Los Angeles Lakers,96,Utah Jazz,120,0,N
2007-12-01,2008,Toronto Raptors,97,Washington Wizards,101,0,N
2007-12-01,2008,Philadelphia 76ers,92,New Jersey Nets,94,1,N
2007-12-01,2008,Minnesota Timberwolves,80,Memphis Grizzlies,109,0,N
2007-12-01,2008,Dallas Mavericks,108,New Orleans Hornets,112,1,N
2007-12-01,2008,Charlotte Bobcats,95,Chicago Bulls,111,0,N
2007-12-01,2008,Detroit Pistons,117,Milwaukee Bucks,91,0,N
2007-12-01,2008,Houston Rockets,99,Sacramento Kings,107,0,N
2007-12-02,2008,Cleveland Cavaliers,70,Boston Celtics,80,0,N
2007-12-02,2008,Indiana Pacers,101,Los Angeles Clippers,95,0,N
2007-12-02,2008,Portland Trail Blazers,79,San Antonio Spurs,100,0,N
2007-12-02,2008,New Jersey Nets,95,Detroit Pistons,118,0,N
2007-12-02,2008,Phoenix Suns,115,New York Knicks,104,0,N
2007-12-02,2008,Miami Heat,89,Denver Nuggets,115,0,N
2007-12-02,2008,Golden State Warriors,109,Seattle SuperSonics,96,0,N
2007-12-02,2008,Orlando Magic,104,Los Angeles Lakers,97,0,N
2007-12-03,2008,Atlanta Hawks,88,Philadelphia 76ers,79,0,N
2007-12-03,2008,Charlotte Bobcats,79,Toronto Raptors,98,0,N
2007-12-03,2008,Portland Trail Blazers,106,Memphis Grizzlies,105,0,N
2007-12-03,2008,Dallas Mavericks,103,Chicago Bulls,98,0,N
2007-12-03,2008,Miami Heat,101,Utah Jazz,110,0,N
2007-12-03,2008,Orlando Magic,123,Golden State Warriors,117,1,N
2007-12-04,2008,Detroit Pistons,106,Atlanta Hawks,95,0,N
2007-12-04,2008,New Jersey Nets,100,Cleveland Cavaliers,79,0,N
2007-12-04,2008,Phoenix Suns,121,Indiana Pacers,117,0,N
2007-12-04,2008,Los Angeles Lakers,116,Minnesota Timberwolves,95,0,N
2007-12-04,2008,Utah Jazz,107,Sacramento Kings,117,0,N
2007-12-04,2008,Milwaukee Bucks,87,Los Angeles Clippers,78,0,N
2007-12-05,2008,Chicago Bulls,91,Charlotte Bobcats,82,0,N
2007-12-05,2008,Boston Celtics,113,Philadelphia 76ers,103,0,N
2007-12-05,2008,Phoenix Suns,136,Toronto Raptors,123,0,N
2007-12-05,2008,Cleveland Cavaliers,86,Washington Wizards,105,0,N
2007-12-05,2008,New York Knicks,100,New Jersey Nets,93,0,N
2007-12-05,2008,Detroit Pistons,91,New Orleans Hornets,76,0,N
2007-12-05,2008,Memphis Grizzlies,92,Houston Rockets,105,0,N
2007-12-05,2008,Dallas Mavericks,95,San Antonio Spurs,97,0,N
2007-12-05,2008,Los Angeles Lakers,111,Denver Nuggets,107,0,N
2007-12-05,2008,Milwaukee Bucks,90,Golden State Warriors,120,0,N
2007-12-05,2008,Los Angeles Clippers,88,Seattle SuperSonics,95,0,N
2007-12-06,2008,Minnesota Timberwolves,89,Atlanta Hawks,90,0,N
2007-12-06,2008,Denver Nuggets,122,Dallas Mavericks,109,0,N
2007-12-06,2008,Miami Heat,106,Portland Trail Blazers,112,0,N
2007-12-07,2008,Chicago Bulls,98,Detroit Pistons,91,0,N
2007-12-07,2008,Indiana Pacers,115,Orlando Magic,109,0,N
2007-12-07,2008,New York Knicks,90,Philadelphia 76ers,101,0,N
2007-12-07,2008,Phoenix Suns,122,Washington Wizards,107,0,N
2007-12-07,2008,Toronto Raptors,84,Boston Celtics,112,0,N
2007-12-07,2008,Houston Rockets,96,New Jersey Nets,89,0,N
2007-12-07,2008,Memphis Grizzlies,116,New Orleans Hornets,118,1,N
2007-12-07,2008,Utah Jazz,98,San Antonio Spurs,104,0,N
2007-12-07,2008,Los Angeles Clippers,97,Sacramento Kings,87,0,N
2007-12-07,2008,Miami Heat,113,Golden State Warriors,120,0,N
2007-12-07,2008,Milwaukee Bucks,98,Seattle SuperSonics,104,0,N
2007-12-08,2008,Memphis Grizzlies,78,Atlanta Hawks,86,0,N
2007-12-08,2008,Cleveland Cavaliers,93,Charlotte Bobcats,96,0,N
2007-12-08,2008,Philadelphia 76ers,105,New York Knicks,77,0,N
2007-12-08,2008,Phoenix Suns,93,Minnesota Timberwolves,100,0,N
2007-12-08,2008,Boston Celtics,92,Chicago Bulls,81,0,N
2007-12-08,2008,Utah Jazz,117,Dallas Mavericks,125,0,N
2007-12-08,2008,Sacramento Kings,97,Denver Nuggets,101,0,N
2007-12-09,2008,Houston Rockets,80,Toronto Raptors,93,0,N
2007-12-09,2008,Miami Heat,100,Los Angeles Clippers,94,0,N
2007-12-09,2008,Charlotte Bobcats,85,Detroit Pistons,104,0,N
2007-12-09,2008,Milwaukee Bucks,113,Portland Trail Blazers,117,1,N
2007-12-09,2008,Seattle SuperSonics,88,New Orleans Hornets,91,0,N
2007-12-09,2008,New Jersey Nets,89,Washington Wizards,104,0,N
2007-12-09,2008,Golden State Warriors,113,Los Angeles Lakers,123,0,N
2007-12-10,2008,Atlanta Hawks,98,Orlando Magic,87,0,N
2007-12-10,2008,Houston Rockets,88,Philadelphia 76ers,100,0,N
2007-12-10,2008,Dallas Mavericks,99,New York Knicks,89,0,N
2007-12-10,2008,Miami Heat,117,Phoenix Suns,113,0,N
2007-12-10,2008,Milwaukee Bucks,93,Sacramento Kings,96,0,N
2007-12-11,2008,Toronto Raptors,100,Atlanta Hawks,88,0,N
2007-12-11,2008,Indiana Pacers,105,Cleveland Cavaliers,118,0,N
2007-12-11,2008,Minnesota Timberwolves,88,Washington Wizards,102,0,N
2007-12-11,2008,Los Angeles Clippers,91,New Jersey Nets,82,0,N
2007-12-11,2008,Detroit Pistons,113,Memphis Grizzlies,103,0,N
2007-12-11,2008,Seattle SuperSonics,96,Chicago Bulls,123,0,N
2007-12-11,2008,Portland Trail Blazers,97,Utah Jazz,89,0,N
2007-12-11,2008,San Antonio Spurs,84,Golden State Warriors,96,0,N
2007-12-12,2008,Los Angeles Clippers,103,Charlotte Bobcats,108,0,N
2007-12-12,2008,Chicago Bulls,102,Indiana Pacers,117,0,N
2007-12-12,2008,Minnesota Timberwolves,94,Philadelphia 76ers,98,0,N
2007-12-12,2008,Dallas Mavericks,76,Toronto Raptors,92,0,N
2007-12-12,2008,Sacramento Kings,78,Boston Celtics,90,0,N
2007-12-12,2008,Seattle SuperSonics,117,New York Knicks,110,0,N
2007-12-12,2008,Detroit Pistons,77,Houston Rockets,80,0,N
2007-12-12,2008,Orlando Magic,86,Milwaukee Bucks,100,0,N
2007-12-12,2008,New Orleans Hornets,99,Denver Nuggets,105,0,N
2007-12-12,2008,Golden State Warriors,95,Portland Trail Blazers,105,0,N
2007-12-12,2008,Utah Jazz,98,Phoenix Suns,103,0,N
2007-12-13,2008,Washington Wizards,104,Miami Heat,91,0,N
2007-12-13,2008,San Antonio Spurs,97,Los Angeles Lakers,102,0,N
2007-12-14,2008,Toronto Raptors,104,Indiana Pacers,93,0,N
2007-12-14,2008,Sacramento Kings,109,Philadelphia 76ers,99,0,N
2007-12-14,2008,Milwaukee Bucks,82,Boston Celtics,104,0,N
2007-12-14,2008,Orlando Magic,103,Charlotte Bobcats,87,0,N
2007-12-14,2008,Atlanta Hawks,81,Detroit Pistons,91,0,N
2007-12-14,2008,Los Angeles Clippers,98,Memphis Grizzlies,91,0,N
2007-12-14,2008,Seattle SuperSonics,99,Minnesota Timberwolves,88,0,N
2007-12-14,2008,Cleveland Cavaliers,97,New Jersey Nets,105,0,N
2007-12-14,2008,New York Knicks,96,Chicago Bulls,101,0,N
2007-12-14,2008,New Orleans Hornets,80,Dallas Mavericks,89,0,N
2007-12-14,2008,Utah Jazz,91,Portland Trail Blazers,99,0,N
2007-12-14,2008,Los Angeles Lakers,106,Golden State Warriors,108,0,N
2007-12-15,2008,Charlotte Bobcats,84,Atlanta Hawks,93,0,N
2007-12-15,2008,Memphis Grizzlies,123,Orlando Magic,119,0,N
2007-12-15,2008,Sacramento Kings,79,Washington Wizards,92,0,N
2007-12-15,2008,Philadelphia 76ers,92,Cleveland Cavaliers,86,0,N
2007-12-15,2008,Indiana Pacers,106,Miami Heat,103,0,N
2007-12-15,2008,New Jersey Nets,86,New York Knicks,94,0,N
2007-12-15,2008,Phoenix Suns,98,New Orleans Hornets,101,0,N
2007-12-15,2008,Dallas Mavericks,96,Houston Rockets,83,0,N
2007-12-15,2008,Minnesota Timberwolves,92,Milwaukee Bucks,95,0,N
2007-12-15,2008,Denver Nuggets,91,San Antonio Spurs,102,0,N
2007-12-15,2008,Seattle SuperSonics,75,Utah Jazz,96,0,N
2007-12-16,2008,Golden State Warriors,87,Detroit Pistons,109,0,N
2007-12-16,2008,Boston Celtics,90,Toronto Raptors,77,0,N
2007-12-16,2008,Portland Trail Blazers,116,Denver Nuggets,105,0,N
2007-12-16,2008,Los Angeles Clippers,92,Los Angeles Lakers,113,0,N
2007-12-17,2008,Utah Jazz,111,Atlanta Hawks,116,0,N
2007-12-17,2008,Milwaukee Bucks,99,Cleveland Cavaliers,104,2,N
2007-12-17,2008,Minnesota Timberwolves,87,Miami Heat,91,0,N
2007-12-17,2008,Indiana Pacers,119,New York Knicks,92,0,N
2007-12-17,2008,Golden State Warriors,125,Memphis Grizzlies,117,0,N
2007-12-17,2008,Orlando Magic,108,Dallas Mavericks,111,0,N
2007-12-17,2008,Phoenix Suns,100,San Antonio Spurs,95,0,N
2007-12-17,2008,New Orleans Hornets,76,Portland Trail Blazers,88,0,N
2007-12-18,2008,Sacramento Kings,106,New Jersey Nets,101,0,N
2007-12-18,2008,Los Angeles Lakers,103,Chicago Bulls,91,0,N
2007-12-18,2008,Toronto Raptors,80,Los Angeles Clippers,77,0,N
2007-12-19,2008,Miami Heat,111,Atlanta Hawks,114,1,N
2007-12-19,2008,Detroit Pistons,87,Boston Celtics,85,0,N
2007-12-19,2008,Utah Jazz,92,Charlotte Bobcats,98,0,N
2007-12-19,2008,Philadelphia 76ers,85,Indiana Pacers,102,0,N
2007-12-19,2008,Chicago Bulls,95,Washington Wizards,84,0,N
2007-12-19,2008,Cleveland Cavaliers,90,New York Knicks,108,0,N
2007-12-19,2008,San Antonio Spurs,85,Memphis Grizzlies,88,0,N
2007-12-19,2008,Sacramento Kings,102,Milwaukee Bucks,89,0,N
2007-12-19,2008,Golden State Warriors,111,Minnesota Timberwolves,98,0,N
2007-12-19,2008,Orlando Magic,97,Houston Rockets,92,0,N
2007-12-19,2008,Phoenix Suns,105,Dallas Mavericks,108,0,N
2007-12-19,2008,Toronto Raptors,96,Portland Trail Blazers,101,0,N
2007-12-19,2008,New Orleans Hornets,107,Seattle SuperSonics,93,0,N
2007-12-20,2008,New Jersey Nets,107,Miami Heat,103,1,N
2007-12-20,2008,Los Angeles Lakers,90,Cleveland Cavaliers,94,0,N
2007-12-20,2008,Houston Rockets,111,Denver Nuggets,112,2,N
2007-12-21,2008,Chicago Bulls,82,Boston Celtics,107,0,N
2007-12-21,2008,New York Knicks,95,Charlotte Bobcats,105,0,N
2007-12-21,2008,Utah Jazz,113,Orlando Magic,94,0,N
2007-12-21,2008,Los Angeles Lakers,106,Philadelphia 76ers,101,0,N
2007-12-21,2008,Atlanta Hawks,97,Washington Wizards,92,0,N
2007-12-21,2008,Memphis Grizzlies,67,Detroit Pistons,94,0,N
2007-12-21,2008,Indiana Pacers,118,Minnesota Timberwolves,131,0,N
2007-12-21,2008,Los Angeles Clippers,89,Dallas Mavericks,102,0,N
2007-12-21,2008,Denver Nuggets,96,Portland Trail Blazers,99,0,N
2007-12-21,2008,Toronto Raptors,115,Seattle SuperSonics,123,0,N
2007-12-22,2008,Washington Wizards,85,Indiana Pacers,93,0,N
2007-12-22,2008,Utah Jazz,102,Miami Heat,104,0,N
2007-12-22,2008,Golden State Warriors,95,New Jersey Nets,100,0,N
2007-12-22,2008,Philadelphia 76ers,99,Memphis Grizzlies,97,0,N
2007-12-22,2008,Minnesota Timberwolves,76,New Orleans Hornets,110,0,N
2007-12-22,2008,Houston Rockets,116,Chicago Bulls,98,0,N
2007-12-22,2008,Charlotte Bobcats,99,Milwaukee Bucks,103,0,N
2007-12-22,2008,Los Angeles Clippers,90,San Antonio Spurs,99,0,N
2007-12-22,2008,Toronto Raptors,103,Phoenix Suns,122,0,N
2007-12-23,2008,Los Angeles Lakers,95,New York Knicks,90,0,N
2007-12-23,2008,Golden State Warriors,105,Cleveland Cavaliers,96,0,N
2007-12-23,2008,Houston Rockets,82,Detroit Pistons,94,0,N
2007-12-23,2008,Orlando Magic,91,Boston Celtics,103,0,N
2007-12-23,2008,Denver Nuggets,106,Sacramento Kings,105,0,N
2007-12-25,2008,Miami Heat,82,Cleveland Cavaliers,96,0,N
2007-12-25,2008,Phoenix Suns,115,Los Angeles Lakers,122,0,N
2007-12-25,2008,Seattle SuperSonics,79,Portland Trail Blazers,89,0,N
2007-12-26,2008,Miami Heat,85,Philadelphia 76ers,96,0,N
2007-12-26,2008,Indiana Pacers,95,Atlanta Hawks,107,0,N
2007-12-26,2008,Washington Wizards,108,Charlotte Bobcats,104,0,N
2007-12-26,2008,New York Knicks,96,Orlando Magic,110,0,N
2007-12-26,2008,Detroit Pistons,101,New Jersey Nets,83,0,N
2007-12-26,2008,New Orleans Hornets,116,Memphis Grizzlies,98,0,N
2007-12-26,2008,Chicago Bulls,79,San Antonio Spurs,94,0,N
2007-12-26,2008,Milwaukee Bucks,105,Denver Nuggets,125,0,N
2007-12-26,2008,Dallas Mavericks,90,Utah Jazz,99,0,N
2007-12-26,2008,Boston Celtics,89,Sacramento Kings,69,0,N
2007-12-26,2008,Minnesota Timberwolves,101,Golden State Warriors,105,0,N
2007-12-27,2008,Cleveland Cavaliers,88,Dallas Mavericks,81,0,N
2007-12-27,2008,Phoenix Suns,108,Los Angeles Clippers,88,0,N
2007-12-27,2008,Boston Celtics,104,Seattle SuperSonics,96,0,N
2007-12-28,2008,New Orleans Hornets,99,Charlotte Bobcats,85,0,N
2007-12-28,2008,Orlando Magic,121,Miami Heat,114,1,N
2007-12-28,2008,Washington Wizards,106,New Jersey Nets,109,0,N
2007-12-28,2008,Indiana Pacers,101,Detroit Pistons,114,0,N
2007-12-28,2008,Houston Rockets,103,Memphis Grizzlies,83,0,N
2007-12-28,2008,Milwaukee Bucks,99,Chicago Bulls,103,0,N
2007-12-28,2008,Toronto Raptors,83,San Antonio Spurs,73,0,N
2007-12-28,2008,Los Angeles Clippers,88,Phoenix Suns,94,0,N
2007-12-28,2008,Minnesota Timberwolves,98,Portland Trail Blazers,109,0,N
2007-12-28,2008,Philadelphia 76ers,92,Sacramento Kings,80,0,N
2007-12-28,2008,Denver Nuggets,124,Golden State Warriors,120,0,N
2007-12-28,2008,Utah Jazz,109,Los Angeles Lakers,123,0,N
2007-12-29,2008,Atlanta Hawks,84,Dallas Mavericks,97,0,N
2007-12-29,2008,Detroit Pistons,98,Indiana Pacers,92,0,N
2007-12-29,2008,Charlotte Bobcats,95,Orlando Magic,104,0,N
2007-12-29,2008,Miami Heat,74,Washington Wizards,96,0,N
2007-12-29,2008,Cleveland Cavaliers,76,New Orleans Hornets,86,0,N
2007-12-29,2008,Toronto Raptors,79,Houston Rockets,91,0,N
2007-12-29,2008,New Jersey Nets,97,Milwaukee Bucks,95,0,N
2007-12-29,2008,Boston Celtics,104,Utah Jazz,98,0,N
2007-12-29,2008,Minnesota Timberwolves,90,Seattle SuperSonics,109,0,N
2007-12-30,2008,Chicago Bulls,100,New York Knicks,83,0,N
2007-12-30,2008,Philadelphia 76ers,72,Portland Trail Blazers,97,0,N
2007-12-30,2008,Golden State Warriors,105,Denver Nuggets,95,0,N
2007-12-30,2008,Memphis Grizzlies,87,San Antonio Spurs,111,0,N
2007-12-30,2008,Phoenix Suns,117,Sacramento Kings,102,0,N
2007-12-30,2008,Boston Celtics,110,Los Angeles Lakers,91,0,N
2007-12-31,2008,Indiana Pacers,103,Charlotte Bobcats,107,1,N
2007-12-31,2008,Orlando Magic,112,Chicago Bulls,110,1,N
2007-12-31,2008,Milwaukee Bucks,69,Detroit Pistons,114,0,N
2007-12-31,2008,Golden State Warriors,112,Houston Rockets,95,0,N
2007-12-31,2008,Toronto Raptors,97,New Orleans Hornets,92,0,N
2007-12-31,2008,Portland Trail Blazers,101,Utah Jazz,111,0,N
2007-12-31,2008,Minnesota Timberwolves,82,Los Angeles Clippers,91,0,N
2007-12-31,2008,Philadelphia 76ers,98,Seattle SuperSonics,90,0,N
2008-01-02,2008,Chicago Bulls,109,Charlotte Bobcats,97,0,N
2008-01-02,2008,Atlanta Hawks,94,Cleveland Cavaliers,98,0,N
2008-01-02,2008,Memphis Grizzlies,90,Indiana Pacers,72,0,N
2008-01-02,2008,New Jersey Nets,96,Orlando Magic,95,0,N
2008-01-02,2008,Detroit Pistons,106,Washington Wizards,93,0,N
2008-01-02,2008,Houston Rockets,93,Boston Celtics,97,0,N
2008-01-02,2008,Milwaukee Bucks,103,Miami Heat,98,0,N
2008-01-02,2008,Sacramento Kings,107,New York Knicks,97,0,N
2008-01-02,2008,Portland Trail Blazers,90,Minnesota Timberwolves,79,0,N
2008-01-02,2008,Golden State Warriors,99,Dallas Mavericks,121,0,N
2008-01-02,2008,Philadelphia 76ers,107,Utah Jazz,110,0,N
2008-01-02,2008,New Orleans Hornets,95,Los Angeles Clippers,81,0,N
2008-01-03,2008,Portland Trail Blazers,115,Chicago Bulls,109,2,N
2008-01-03,2008,San Antonio Spurs,77,Denver Nuggets,80,0,N
2008-01-03,2008,Seattle SuperSonics,96,Phoenix Suns,104,0,N
2008-01-04,2008,Atlanta Hawks,91,Indiana Pacers,113,0,N
2008-01-04,2008,Houston Rockets,96,Orlando Magic,94,0,N
2008-01-04,2008,Detroit Pistons,101,Toronto Raptors,85,0,N
2008-01-04,2008,Memphis Grizzlies,96,Boston Celtics,100,0,N
2008-01-04,2008,Sacramento Kings,93,Cleveland Cavaliers,97,0,N
2008-01-04,2008,Charlotte Bobcats,96,New Jersey Nets,102,0,N
2008-01-04,2008,Denver Nuggets,118,Minnesota Timberwolves,107,0,N
2008-01-04,2008,Washington Wizards,101,Milwaukee Bucks,77,0,N
2008-01-04,2008,New York Knicks,93,San Antonio Spurs,97,0,N
2008-01-04,2008,Miami Heat,89,Dallas Mavericks,94,0,N
2008-01-04,2008,New Orleans Hornets,116,Golden State Warriors,104,0,N
2008-01-04,2008,Philadelphia 76ers,93,Los Angeles Lakers,124,0,N
2008-01-05,2008,New Jersey Nets,113,Atlanta Hawks,107,0,N
2008-01-05,2008,Boston Celtics,92,Detroit Pistons,85,0,N
2008-01-05,2008,Sacramento Kings,93,Chicago Bulls,94,0,N
2008-01-05,2008,New York Knicks,91,Houston Rockets,103,0,N
2008-01-05,2008,New Orleans Hornets,118,Phoenix Suns,113,0,N
2008-01-05,2008,Utah Jazz,89,Portland Trail Blazers,103,0,N
2008-01-06,2008,Cleveland Cavaliers,93,Toronto Raptors,90,0,N
2008-01-06,2008,Seattle SuperSonics,86,Washington Wizards,108,0,N
2008-01-06,2008,San Antonio Spurs,88,Los Angeles Clippers,82,0,N
2008-01-06,2008,Dallas Mavericks,101,Minnesota Timberwolves,78,0,N
2008-01-06,2008,Miami Heat,94,Memphis Grizzlies,101,0,N
2008-01-06,2008,Milwaukee Bucks,93,Charlotte Bobcats,89,0,N
2008-01-06,2008,Philadelphia 76ers,96,Denver Nuggets,109,0,N
2008-01-06,2008,Indiana Pacers,96,Los Angeles Lakers,112,0,N
2008-01-07,2008,Denver Nuggets,115,Phoenix Suns,137,0,N
2008-01-07,2008,San Antonio Spurs,121,Golden State Warriors,130,1,N
2008-01-08,2008,New Jersey Nets,99,Charlotte Bobcats,115,0,N
2008-01-08,2008,Seattle SuperSonics,79,Cleveland Cavaliers,95,0,N
2008-01-08,2008,Milwaukee Bucks,87,Philadelphia 76ers,83,0,N
2008-01-08,2008,Houston Rockets,92,Washington Wizards,84,0,N
2008-01-08,2008,Los Angeles Lakers,117,Memphis Grizzlies,101,0,N
2008-01-08,2008,Miami Heat,91,Minnesota Timberwolves,101,0,N
2008-01-08,2008,New York Knicks,105,Chicago Bulls,100,0,N
2008-01-08,2008,Indiana Pacers,89,Utah Jazz,111,0,N
2008-01-08,2008,Orlando Magic,100,Sacramento Kings,104,0,N
2008-01-09,2008,Cleveland Cavaliers,81,Atlanta Hawks,90,0,N
2008-01-09,2008,Philadelphia 76ers,96,Toronto Raptors,109,0,N
2008-01-09,2008,Charlotte Bobcats,95,Boston Celtics,83,0,N
2008-01-09,2008,Seattle SuperSonics,88,New Jersey Nets,99,0,N
2008-01-09,2008,Houston Rockets,101,New York Knicks,92,0,N
2008-01-09,2008,Miami Heat,92,Milwaukee Bucks,98,0,N
2008-01-09,2008,Los Angeles Lakers,109,New Orleans Hornets,80,0,N
2008-01-09,2008,Detroit Pistons,86,Dallas Mavericks,102,0,N
2008-01-09,2008,Indiana Pacers,122,Phoenix Suns,129,1,N
2008-01-09,2008,Golden State Warriors,91,Portland Trail Blazers,109,0,N
2008-01-09,2008,Orlando Magic,113,Los Angeles Clippers,106,0,N
2008-01-10,2008,Detroit Pistons,90,San Antonio Spurs,80,0,N
2008-01-10,2008,Memphis Grizzlies,113,Sacramento Kings,116,0,N
2008-01-10,2008,Phoenix Suns,86,Utah Jazz,108,0,N
2008-01-11,2008,Chicago Bulls,100,Philadelphia 76ers,97,0,N
2008-01-11,2008,Washington Wizards,102,Atlanta Hawks,98,1,N
2008-01-11,2008,Charlotte Bobcats,106,Cleveland Cavaliers,113,2,N
2008-01-11,2008,Boston Celtics,86,New Jersey Nets,77,0,N
2008-01-11,2008,Toronto Raptors,99,New York Knicks,90,0,N
2008-01-11,2008,Miami Heat,88,New Orleans Hornets,114,0,N
2008-01-11,2008,Minnesota Timberwolves,82,Houston Rockets,113,0,N
2008-01-11,2008,Orlando Magic,103,Denver Nuggets,113,0,N
2008-01-11,2008,Memphis Grizzlies,104,Golden State Warriors,116,0,N
2008-01-11,2008,Milwaukee Bucks,105,Los Angeles Lakers,110,0,N
2008-01-11,2008,Dallas Mavericks,90,Seattle SuperSonics,70,0,N
2008-01-12,2008,Detroit Pistons,103,Charlotte Bobcats,100,1,N
2008-01-12,2008,Boston Celtics,78,Washington Wizards,85,0,N
2008-01-12,2008,Minnesota Timberwolves,88,San Antonio Spurs,105,0,N
2008-01-12,2008,Milwaukee Bucks,114,Phoenix Suns,122,0,N
2008-01-12,2008,Orlando Magic,115,Utah Jazz,119,0,N
2008-01-12,2008,Indiana Pacers,111,Sacramento Kings,105,0,N
2008-01-12,2008,Dallas Mavericks,95,Los Angeles Clippers,94,0,N
2008-01-13,2008,Portland Trail Blazers,109,Toronto Raptors,116,2,N
2008-01-13,2008,Chicago Bulls,84,Atlanta Hawks,105,0,N
2008-01-13,2008,New Orleans Hornets,87,Houston Rockets,82,0,N
2008-01-13,2008,Detroit Pistons,65,New York Knicks,89,0,N
2008-01-13,2008,Indiana Pacers,101,Golden State Warriors,106,0,N
2008-01-13,2008,Memphis Grizzlies,99,Los Angeles Lakers,100,0,N
2008-01-14,2008,Denver Nuggets,116,Charlotte Bobcats,119,0,N
2008-01-14,2008,Washington Wizards,88,Boston Celtics,83,0,N
2008-01-14,2008,Portland Trail Blazers,99,New Jersey Nets,73,0,N
2008-01-14,2008,Philadelphia 76ers,82,San Antonio Spurs,89,0,N
2008-01-14,2008,Milwaukee Bucks,87,Utah Jazz,98,0,N
2008-01-14,2008,Dallas Mavericks,120,Sacramento Kings,122,0,N
2008-01-14,2008,Los Angeles Lakers,123,Seattle SuperSonics,121,1,N
2008-01-15,2008,Denver Nuggets,93,Atlanta Hawks,104,0,N
2008-01-15,2008,Chicago Bulls,88,Orlando Magic,102,0,N
2008-01-15,2008,Toronto Raptors,89,Detroit Pistons,103,0,N
2008-01-15,2008,Washington Wizards,93,New York Knicks,105,0,N
2008-01-15,2008,Cleveland Cavaliers,132,Memphis Grizzlies,124,1,N
2008-01-15,2008,Golden State Warriors,105,Minnesota Timberwolves,98,0,N
2008-01-15,2008,Philadelphia 76ers,111,Houston Rockets,107,0,N
2008-01-15,2008,Phoenix Suns,90,Los Angeles Clippers,97,0,N
2008-01-16,2008,Orlando Magic,93,Charlotte Bobcats,99,0,N
2008-01-16,2008,Golden State Warriors,117,Indiana Pacers,125,0,N
2008-01-16,2008,Chicago Bulls,126,Miami Heat,96,0,N
2008-01-16,2008,Sacramento Kings,91,Toronto Raptors,116,0,N
2008-01-16,2008,Portland Trail Blazers,90,Boston Celtics,100,0,N
2008-01-16,2008,New York Knicks,111,New Jersey Nets,105,0,N
2008-01-16,2008,Atlanta Hawks,80,Milwaukee Bucks,87,0,N
2008-01-16,2008,Seattle SuperSonics,92,New Orleans Hornets,123,0,N
2008-01-17,2008,Cleveland Cavaliers,90,San Antonio Spurs,88,0,N
2008-01-17,2008,Utah Jazz,109,Denver Nuggets,120,0,N
2008-01-17,2008,Phoenix Suns,106,Los Angeles Lakers,98,0,N
2008-01-18,2008,Portland Trail Blazers,98,Miami Heat,91,0,N
2008-01-18,2008,Atlanta Hawks,78,Toronto Raptors,89,0,N
2008-01-18,2008,New York Knicks,98,Washington Wizards,111,0,N
2008-01-18,2008,Philadelphia 76ers,89,Boston Celtics,116,0,N
2008-01-18,2008,Sacramento Kings,100,Detroit Pistons,93,0,N
2008-01-18,2008,Seattle SuperSonics,100,Memphis Grizzlies,124,0,N
2008-01-18,2008,Charlotte Bobcats,84,New Orleans Hornets,112,0,N
2008-01-18,2008,Minnesota Timberwolves,95,Phoenix Suns,115,0,N
2008-01-18,2008,Los Angeles Clippers,88,Utah Jazz,106,0,N
2008-01-18,2008,Golden State Warriors,119,Chicago Bulls,111,0,N
2008-01-19,2008,Memphis Grizzlies,87,Charlotte Bobcats,105,0,N
2008-01-19,2008,Sacramento Kings,110,Indiana Pacers,104,0,N
2008-01-19,2008,Portland Trail Blazers,94,Orlando Magic,101,0,N
2008-01-19,2008,Toronto Raptors,95,Philadelphia 76ers,99,0,N
2008-01-19,2008,New York Knicks,88,Miami Heat,84,0,N
2008-01-19,2008,Detroit Pistons,81,Chicago Bulls,97,0,N
2008-01-19,2008,San Antonio Spurs,81,Houston Rockets,83,0,N
2008-01-19,2008,Golden State Warriors,119,Milwaukee Bucks,99,0,N
2008-01-19,2008,Seattle SuperSonics,96,Dallas Mavericks,111,0,N
2008-01-19,2008,Minnesota Timberwolves,108,Denver Nuggets,111,0,N
2008-01-19,2008,New Jersey Nets,107,Los Angeles Clippers,120,1,N
2008-01-20,2008,New Jersey Nets,92,Phoenix Suns,116,0,N
2008-01-21,2008,San Antonio Spurs,95,Charlotte Bobcats,86,0,N
2008-01-21,2008,Boston Celtics,109,New York Knicks,93,0,N
2008-01-21,2008,Dallas Mavericks,84,Washington Wizards,102,0,N
2008-01-21,2008,Portland Trail Blazers,111,Atlanta Hawks,109,1,N
2008-01-21,2008,Indiana Pacers,110,Philadelphia 76ers,103,0,N
2008-01-21,2008,Seattle SuperSonics,89,Houston Rockets,96,0,N
2008-01-21,2008,Utah Jazz,109,Los Angeles Clippers,93,0,N
2008-01-21,2008,Milwaukee Bucks,92,New Orleans Hornets,106,0,N
2008-01-21,2008,Minnesota Timberwolves,109,Golden State Warriors,108,0,N
2008-01-21,2008,Chicago Bulls,90,Memphis Grizzlies,104,0,N
2008-01-21,2008,Detroit Pistons,100,Orlando Magic,102,0,N
2008-01-21,2008,Cleveland Cavaliers,97,Miami Heat,90,0,N
2008-01-21,2008,Denver Nuggets,99,Los Angeles Lakers,116,0,N
2008-01-22,2008,Phoenix Suns,114,Milwaukee Bucks,105,0,N
2008-01-22,2008,New Jersey Nets,94,Sacramento Kings,128,0,N
2008-01-23,2008,Dallas Mavericks,102,Charlotte Bobcats,95,0,N
2008-01-23,2008,Washington Wizards,85,Cleveland Cavaliers,121,0,N
2008-01-23,2008,Detroit Pistons,86,Philadelphia 76ers,78,0,N
2008-01-23,2008,Toronto Raptors,114,Boston Celtics,112,0,N
2008-01-23,2008,Orlando Magic,112,Memphis Grizzlies,85,0,N
2008-01-23,2008,Phoenix Suns,107,Minnesota Timberwolves,117,0,N
2008-01-23,2008,Portland Trail Blazers,81,New Orleans Hornets,96,0,N
2008-01-23,2008,Indiana Pacers,95,Chicago Bulls,108,0,N
2008-01-23,2008,Atlanta Hawks,100,Denver Nuggets,107,0,N
2008-01-23,2008,Los Angeles Lakers,91,San Antonio Spurs,103,0,N
2008-01-23,2008,Houston Rockets,109,Seattle SuperSonics,107,0,N
2008-01-23,2008,Sacramento Kings,85,Los Angeles Clippers,111,0,N
2008-01-24,2008,San Antonio Spurs,90,Miami Heat,89,0,N
2008-01-24,2008,Indiana Pacers,92,Milwaukee Bucks,104,0,N
2008-01-24,2008,New Jersey Nets,119,Golden State Warriors,121,0,N
2008-01-25,2008,Phoenix Suns,110,Cleveland Cavaliers,108,0,N
2008-01-25,2008,Orlando Magic,93,Detroit Pistons,101,0,N
2008-01-25,2008,Milwaukee Bucks,75,Toronto Raptors,106,0,N
2008-01-25,2008,Memphis Grizzlies,93,Washington Wizards,104,0,N
2008-01-25,2008,Minnesota Timberwolves,86,Boston Celtics,87,0,N
2008-01-25,2008,Philadelphia 76ers,81,New York Knicks,89,0,N
2008-01-25,2008,Los Angeles Clippers,92,New Orleans Hornets,111,0,N
2008-01-25,2008,Charlotte Bobcats,90,Chicago Bulls,77,0,N
2008-01-25,2008,Los Angeles Lakers,105,Dallas Mavericks,112,0,N
2008-01-25,2008,New Jersey Nets,85,Denver Nuggets,100,0,N
2008-01-25,2008,Sacramento Kings,113,Utah Jazz,127,0,N
2008-01-25,2008,Houston Rockets,89,Portland Trail Blazers,79,0,N
2008-01-25,2008,Atlanta Hawks,99,Seattle SuperSonics,90,0,N
2008-01-26,2008,Indiana Pacers,96,Miami Heat,98,0,N
2008-01-26,2008,Philadelphia 76ers,103,Charlotte Bobcats,96,0,N
2008-01-26,2008,Los Angeles Clippers,120,Memphis Grizzlies,125,1,N
2008-01-26,2008,New Orleans Hornets,102,San Antonio Spurs,78,0,N
2008-01-27,2008,Phoenix Suns,88,Chicago Bulls,77,0,N
2008-01-27,2008,Boston Celtics,93,Orlando Magic,96,0,N
2008-01-27,2008,Cleveland Cavaliers,98,Los Angeles Lakers,95,0,N
2008-01-27,2008,Washington Wizards,102,Milwaukee Bucks,105,1,N
2008-01-27,2008,Atlanta Hawks,93,Portland Trail Blazers,94,0,N
2008-01-27,2008,Denver Nuggets,85,Dallas Mavericks,90,0,N
2008-01-27,2008,New Jersey Nets,95,Minnesota Timberwolves,98,0,N
2008-01-27,2008,Utah Jazz,97,Houston Rockets,89,0,N
2008-01-27,2008,New York Knicks,104,Golden State Warriors,106,0,N
2008-01-27,2008,Sacramento Kings,103,Seattle SuperSonics,101,0,N
2008-01-28,2008,Dallas Mavericks,103,Memphis Grizzlies,84,0,N
2008-01-28,2008,Denver Nuggets,93,New Orleans Hornets,117,0,N
2008-01-28,2008,San Antonio Spurs,91,Utah Jazz,97,0,N
2008-01-28,2008,Charlotte Bobcats,107,Los Angeles Clippers,100,0,N
2008-01-29,2008,Detroit Pistons,110,Indiana Pacers,104,0,N
2008-01-29,2008,Toronto Raptors,104,Washington Wizards,108,1,N
2008-01-29,2008,Boston Celtics,117,Miami Heat,87,0,N
2008-01-29,2008,Milwaukee Bucks,80,New Jersey Nets,87,0,N
2008-01-29,2008,Minnesota Timberwolves,85,Chicago Bulls,96,0,N
2008-01-29,2008,Golden State Warriors,107,Houston Rockets,111,0,N
2008-01-29,2008,Atlanta Hawks,92,Phoenix Suns,125,0,N
2008-01-29,2008,San Antonio Spurs,85,Seattle SuperSonics,88,0,N
2008-01-29,2008,New York Knicks,109,Los Angeles Lakers,120,0,N
2008-01-30,2008,Miami Heat,91,Orlando Magic,107,0,N
2008-01-30,2008,Milwaukee Bucks,69,Philadelphia 76ers,112,0,N
2008-01-30,2008,Washington Wizards,83,Toronto Raptors,122,0,N
2008-01-30,2008,Denver Nuggets,106,Memphis Grizzlies,102,0,N
2008-01-30,2008,Chicago Bulls,67,Minnesota Timberwolves,83,0,N
2008-01-30,2008,Golden State Warriors,116,New Orleans Hornets,103,0,N
2008-01-30,2008,Cleveland Cavaliers,84,Portland Trail Blazers,83,0,N
2008-01-30,2008,New York Knicks,89,Utah Jazz,100,0,N
2008-01-30,2008,Charlotte Bobcats,91,Sacramento Kings,105,0,N
2008-01-30,2008,Atlanta Hawks,88,Los Angeles Clippers,95,0,N
2008-01-31,2008,Los Angeles Lakers,89,Detroit Pistons,90,0,N
2008-01-31,2008,Dallas Mavericks,90,Boston Celtics,96,0,N
2008-01-31,2008,Cleveland Cavaliers,95,Seattle SuperSonics,101,0,N
2008-01-31,2008,San Antonio Spurs,84,Phoenix Suns,81,0,N
2008-02-01,2008,Houston Rockets,106,Indiana Pacers,103,0,N
2008-02-01,2008,Orlando Magic,108,Philadelphia 76ers,106,0,N
2008-02-01,2008,Los Angeles Lakers,121,Toronto Raptors,101,0,N
2008-02-01,2008,New Jersey Nets,94,Miami Heat,85,0,N
2008-02-01,2008,Los Angeles Clippers,83,Minnesota Timberwolves,104,0,N
2008-02-01,2008,Utah Jazz,96,Washington Wizards,87,0,N
2008-02-01,2008,New Orleans Hornets,103,Sacramento Kings,112,0,N
2008-02-01,2008,Charlotte Bobcats,96,Golden State Warriors,127,0,N
2008-02-01,2008,New York Knicks,88,Portland Trail Blazers,94,1,N
2008-02-02,2008,New Jersey Nets,92,Atlanta Hawks,104,0,N
2008-02-02,2008,Orlando Magic,121,Indiana Pacers,115,0,N
2008-02-02,2008,Los Angeles Clippers,84,Cleveland Cavaliers,98,0,N
2008-02-02,2008,Utah Jazz,110,Memphis Grizzlies,91,0,N
2008-02-02,2008,Houston Rockets,91,Milwaukee Bucks,83,0,N
2008-02-02,2008,Charlotte Bobcats,101,Denver Nuggets,117,0,N
2008-02-02,2008,Chicago Bulls,101,Sacramento Kings,105,0,N
2008-02-02,2008,New York Knicks,85,Seattle SuperSonics,86,0,N
2008-02-03,2008,Los Angeles Lakers,103,Washington Wizards,91,0,N
2008-02-03,2008,Dallas Mavericks,67,Detroit Pistons,90,0,N
2008-02-04,2008,Philadelphia 76ers,91,Atlanta Hawks,96,0,N
2008-02-04,2008,Dallas Mavericks,107,Orlando Magic,98,0,N
2008-02-04,2008,Toronto Raptors,114,Miami Heat,82,0,N
2008-02-04,2008,Los Angeles Clippers,103,New York Knicks,94,0,N
2008-02-04,2008,Houston Rockets,92,Minnesota Timberwolves,86,0,N
2008-02-04,2008,Charlotte Bobcats,104,Phoenix Suns,118,0,N
2008-02-04,2008,New Orleans Hornets,88,Utah Jazz,110,0,N
2008-02-04,2008,Denver Nuggets,105,Portland Trail Blazers,103,1,N
2008-02-04,2008,Chicago Bulls,118,Seattle SuperSonics,108,0,N
2008-02-05,2008,Boston Celtics,113,Cleveland Cavaliers,114,0,N
2008-02-05,2008,San Antonio Spurs,116,Indiana Pacers,89,0,N
2008-02-05,2008,Washington Wizards,96,Philadelphia 76ers,101,0,N
2008-02-05,2008,Los Angeles Lakers,105,New Jersey Nets,90,0,N
2008-02-05,2008,Milwaukee Bucks,102,Memphis Grizzlies,97,0,N
2008-02-06,2008,Los Angeles Lakers,95,Atlanta Hawks,98,0,N
2008-02-06,2008,New Jersey Nets,84,Orlando Magic,100,0,N
2008-02-06,2008,San Antonio Spurs,85,Washington Wizards,77,0,N
2008-02-06,2008,Los Angeles Clippers,100,Boston Celtics,111,0,N
2008-02-06,2008,Miami Heat,95,Detroit Pistons,100,0,N
2008-02-06,2008,Indiana Pacers,103,New York Knicks,100,0,N
2008-02-06,2008,Milwaukee Bucks,96,Dallas Mavericks,107,0,N
2008-02-06,2008,Utah Jazz,118,Denver Nuggets,115,1,N
2008-02-06,2008,New Orleans Hornets,132,Phoenix Suns,130,2,N
2008-02-06,2008,Chicago Bulls,97,Portland Trail Blazers,100,0,N
2008-02-06,2008,Seattle SuperSonics,105,Sacramento Kings,92,0,N
2008-02-07,2008,Miami Heat,84,Philadelphia 76ers,101,0,N
2008-02-07,2008,Cleveland Cavaliers,77,Houston Rockets,92,0,N
2008-02-07,2008,Chicago Bulls,114,Golden State Warriors,108,0,N
2008-02-08,2008,New Jersey Nets,104,Charlotte Bobcats,90,0,N
2008-02-08,2008,Los Angeles Lakers,117,Orlando Magic,113,0,N
2008-02-08,2008,Los Angeles Clippers,102,Toronto Raptors,98,0,N
2008-02-08,2008,Cleveland Cavaliers,100,Atlanta Hawks,95,0,N
2008-02-08,2008,San Antonio Spurs,99,New York Knicks,93,1,N
2008-02-08,2008,Portland Trail Blazers,82,Detroit Pistons,91,0,N
2008-02-08,2008,Boston Celtics,88,Minnesota Timberwolves,86,0,N
2008-02-08,2008,Memphis Grizzlies,81,Dallas Mavericks,92,0,N
2008-02-08,2008,Seattle SuperSonics,99,Phoenix Suns,103,0,N
2008-02-08,2008,Utah Jazz,104,Sacramento Kings,117,0,N
2008-02-08,2008,Washington Wizards,100,Denver Nuggets,111,0,N
2008-02-09,2008,Portland Trail Blazers,93,Indiana Pacers,101,0,N
2008-02-09,2008,Los Angeles Clippers,80,Philadelphia 76ers,101,0,N
2008-02-09,2008,Memphis Grizzlies,99,New Orleans Hornets,112,0,N
2008-02-09,2008,Atlanta Hawks,89,Houston Rockets,108,0,N
2008-02-09,2008,New York Knicks,99,Milwaukee Bucks,98,0,N
2008-02-09,2008,Chicago Bulls,87,Utah Jazz,97,0,N
2008-02-09,2008,Sacramento Kings,102,Golden State Warriors,105,0,N
2008-02-10,2008,San Antonio Spurs,90,Boston Celtics,98,0,N
2008-02-10,2008,Los Angeles Lakers,104,Miami Heat,94,0,N
2008-02-10,2008,Charlotte Bobcats,87,Detroit Pistons,113,0,N
2008-02-10,2008,Dallas Mavericks,82,New Jersey Nets,101,0,N
2008-02-10,2008,Toronto Raptors,105,Minnesota Timberwolves,82,0,N
2008-02-10,2008,Denver Nuggets,113,Cleveland Cavaliers,83,0,N
2008-02-10,2008,Washington Wizards,107,Phoenix Suns,108,0,N
2008-02-11,2008,Los Angeles Lakers,106,Charlotte Bobcats,97,0,N
2008-02-11,2008,Cleveland Cavaliers,118,Orlando Magic,111,0,N
2008-02-11,2008,Dallas Mavericks,76,Philadelphia 76ers,84,0,N
2008-02-11,2008,San Antonio Spurs,93,Toronto Raptors,88,0,N
2008-02-11,2008,Los Angeles Clippers,96,Milwaukee Bucks,89,0,N
2008-02-11,2008,Portland Trail Blazers,83,Houston Rockets,95,0,N
2008-02-11,2008,Washington Wizards,117,Golden State Warriors,120,0,N
2008-02-12,2008,Detroit Pistons,94,Atlanta Hawks,90,0,N
2008-02-12,2008,Boston Celtics,104,Indiana Pacers,97,0,N
2008-02-12,2008,Denver Nuggets,114,Miami Heat,113,1,N
2008-02-12,2008,Minnesota Timberwolves,88,New Jersey Nets,92,0,N
2008-02-12,2008,Sacramento Kings,94,Memphis Grizzlies,107,0,N
2008-02-12,2008,New Orleans Hornets,100,Chicago Bulls,86,0,N
2008-02-13,2008,Atlanta Hawks,98,Charlotte Bobcats,100,1,N
2008-02-13,2008,San Antonio Spurs,112,Cleveland Cavaliers,105,0,N
2008-02-13,2008,Denver Nuggets,98,Orlando Magic,109,0,N
2008-02-13,2008,Memphis Grizzlies,88,Philadelphia 76ers,102,0,N
2008-02-13,2008,New Jersey Nets,91,Toronto Raptors,109,0,N
2008-02-13,2008,New York Knicks,103,Boston Celtics,111,0,N
2008-02-13,2008,Indiana Pacers,80,Detroit Pistons,96,0,N
2008-02-13,2008,New Orleans Hornets,111,Milwaukee Bucks,107,0,N
2008-02-13,2008,Los Angeles Lakers,117,Minnesota Timberwolves,92,0,N
2008-02-13,2008,Portland Trail Blazers,76,Dallas Mavericks,96,0,N
2008-02-13,2008,Sacramento Kings,87,Houston Rockets,89,0,N
2008-02-13,2008,Phoenix Suns,118,Golden State Warriors,120,0,N
2008-02-13,2008,Utah Jazz,112,Seattle SuperSonics,93,0,N
2008-02-13,2008,Washington Wizards,91,Los Angeles Clippers,89,0,N
2008-02-14,2008,Miami Heat,92,Chicago Bulls,99,0,N
2008-02-14,2008,Dallas Mavericks,97,Phoenix Suns,109,0,N
2008-02-19,2008,Houston Rockets,93,Cleveland Cavaliers,85,0,N
2008-02-19,2008,New York Knicks,113,Washington Wizards,100,1,N
2008-02-19,2008,Orlando Magic,103,Detroit Pistons,85,0,N
2008-02-19,2008,Philadelphia 76ers,88,Minnesota Timberwolves,104,0,N
2008-02-19,2008,Charlotte Bobcats,65,San Antonio Spurs,85,0,N
2008-02-19,2008,Boston Celtics,118,Denver Nuggets,124,0,N
2008-02-19,2008,Golden State Warriors,109,Utah Jazz,119,0,N
2008-02-19,2008,Sacramento Kings,105,Portland Trail Blazers,94,0,N
2008-02-19,2008,Memphis Grizzlies,101,Seattle SuperSonics,108,0,N
2008-02-19,2008,Atlanta Hawks,93,Los Angeles Lakers,122,0,N
2008-02-20,2008,Cleveland Cavaliers,106,Indiana Pacers,97,0,N
2008-02-20,2008,New York Knicks,84,Philadelphia 76ers,124,0,N
2008-02-20,2008,Orlando Magic,110,Toronto Raptors,127,0,N
2008-02-20,2008,Chicago Bulls,102,New Jersey Nets,110,1,N
2008-02-20,2008,Detroit Pistons,98,Milwaukee Bucks,103,0,N
2008-02-20,2008,Dallas Mavericks,93,New Orleans Hornets,104,0,N
2008-02-20,2008,Los Angeles Lakers,130,Phoenix Suns,124,0,N
2008-02-20,2008,Atlanta Hawks,107,Sacramento Kings,119,0,N
2008-02-20,2008,Boston Celtics,117,Golden State Warriors,119,0,N
2008-02-20,2008,Memphis Grizzlies,86,Los Angeles Clippers,100,0,N
2008-02-21,2008,Miami Heat,100,Houston Rockets,112,0,N
2008-02-21,2008,San Antonio Spurs,100,Minnesota Timberwolves,99,0,N
2008-02-21,2008,Seattle SuperSonics,88,Portland Trail Blazers,92,0,N
2008-02-22,2008,Sacramento Kings,116,Charlotte Bobcats,115,1,N
2008-02-22,2008,New Jersey Nets,103,Indiana Pacers,113,0,N
2008-02-22,2008,Philadelphia 76ers,99,Orlando Magic,115,0,N
2008-02-22,2008,Toronto Raptors,99,New York Knicks,103,0,N
2008-02-22,2008,Denver Nuggets,121,Chicago Bulls,135,0,N
2008-02-22,2008,Washington Wizards,89,Cleveland Cavaliers,90,0,N
2008-02-22,2008,Milwaukee Bucks,100,Detroit Pistons,127,0,N
2008-02-22,2008,Dallas Mavericks,98,Memphis Grizzlies,83,0,N
2008-02-22,2008,Houston Rockets,100,New Orleans Hornets,80,0,N
2008-02-22,2008,Atlanta Hawks,117,Golden State Warriors,110,0,N
2008-02-22,2008,Utah Jazz,104,Los Angeles Clippers,114,0,N
2008-02-22,2008,Boston Celtics,77,Phoenix Suns,85,0,N
2008-02-22,2008,Portland Trail Blazers,87,Seattle SuperSonics,99,0,N
2008-02-23,2008,Charlotte Bobcats,95,Washington Wizards,110,0,N
2008-02-23,2008,Philadelphia 76ers,101,Miami Heat,96,1,N
2008-02-23,2008,Indiana Pacers,91,New Jersey Nets,102,0,N
2008-02-23,2008,Denver Nuggets,109,Milwaukee Bucks,115,0,N
2008-02-23,2008,New Orleans Hornets,89,San Antonio Spurs,98,0,N
2008-02-23,2008,Atlanta Hawks,94,Utah Jazz,100,0,N
2008-02-23,2008,Los Angeles Lakers,113,Los Angeles Clippers,95,0,N
2008-02-24,2008,Detroit Pistons,116,Phoenix Suns,86,0,N
2008-02-24,2008,Memphis Grizzlies,89,Cleveland Cavaliers,109,0,N
2008-02-24,2008,Sacramento Kings,93,Orlando Magic,112,0,N
2008-02-24,2008,Boston Celtics,112,Portland Trail Blazers,102,0,N
2008-02-24,2008,New York Knicks,92,Toronto Raptors,115,0,N
2008-02-24,2008,Dallas Mavericks,99,Minnesota Timberwolves,83,0,N
2008-02-24,2008,Chicago Bulls,97,Houston Rockets,110,0,N
2008-02-24,2008,Los Angeles Lakers,111,Seattle SuperSonics,91,0,N
2008-02-25,2008,Toronto Raptors,102,Indiana Pacers,98,0,N
2008-02-25,2008,Washington Wizards,95,New Orleans Hornets,92,0,N
2008-02-25,2008,Chicago Bulls,94,Dallas Mavericks,102,0,N
2008-02-25,2008,Atlanta Hawks,74,San Antonio Spurs,89,0,N
2008-02-25,2008,Detroit Pistons,98,Denver Nuggets,93,0,N
2008-02-25,2008,Boston Celtics,104,Los Angeles Clippers,76,0,N
2008-02-26,2008,Sacramento Kings,86,Miami Heat,107,0,N
2008-02-26,2008,Orlando Magic,102,New Jersey Nets,92,0,N
2008-02-26,2008,Phoenix Suns,127,Memphis Grizzlies,113,0,N
2008-02-26,2008,Cleveland Cavaliers,102,Milwaukee Bucks,105,0,N
2008-02-26,2008,Utah Jazz,100,Minnesota Timberwolves,111,0,N
2008-02-26,2008,Washington Wizards,69,Houston Rockets,94,0,N
2008-02-26,2008,Seattle SuperSonics,99,Golden State Warriors,105,0,N
2008-02-26,2008,Portland Trail Blazers,83,Los Angeles Lakers,96,0,N
2008-02-27,2008,Sacramento Kings,117,Atlanta Hawks,123,0,N
2008-02-27,2008,Chicago Bulls,113,Indiana Pacers,107,0,N
2008-02-27,2008,Orlando Magic,89,Philadelphia 76ers,101,0,N
2008-02-27,2008,Minnesota Timberwolves,85,Toronto Raptors,107,0,N
2008-02-27,2008,Cleveland Cavaliers,87,Boston Celtics,92,0,N
2008-02-27,2008,Charlotte Bobcats,89,New York Knicks,113,0,N
2008-02-27,2008,Phoenix Suns,103,New Orleans Hornets,120,0,N
2008-02-27,2008,Detroit Pistons,95,Utah Jazz,103,0,N
2008-02-27,2008,Denver Nuggets,138,Seattle SuperSonics,96,0,N
2008-02-27,2008,Portland Trail Blazers,82,Los Angeles Clippers,80,0,N
2008-02-28,2008,Milwaukee Bucks,106,New Jersey Nets,120,0,N
2008-02-28,2008,Dallas Mavericks,94,San Antonio Spurs,97,0,N
2008-02-28,2008,Miami Heat,88,Los Angeles Lakers,106,0,N
2008-02-29,2008,Indiana Pacers,122,Toronto Raptors,111,0,N
2008-02-29,2008,New York Knicks,93,Atlanta Hawks,99,0,N
2008-02-29,2008,Charlotte Bobcats,100,Boston Celtics,108,0,N
2008-02-29,2008,Minnesota Timberwolves,84,Cleveland Cavaliers,92,0,N
2008-02-29,2008,Washington Wizards,97,Chicago Bulls,91,0,N
2008-02-29,2008,Utah Jazz,98,New Orleans Hornets,110,0,N
2008-02-29,2008,Sacramento Kings,106,Dallas Mavericks,115,0,N
2008-02-29,2008,Memphis Grizzlies,95,Houston Rockets,116,0,N
2008-02-29,2008,Los Angeles Clippers,104,Denver Nuggets,110,0,N
2008-02-29,2008,Philadelphia 76ers,97,Golden State Warriors,119,0,N
2008-02-29,2008,Los Angeles Lakers,111,Portland Trail Blazers,119,0,N
2008-02-29,2008,Miami Heat,103,Seattle SuperSonics,93,0,N
2008-03-01,2008,New York Knicks,92,Orlando Magic,118,0,N
2008-03-01,2008,Utah Jazz,113,Memphis Grizzlies,92,0,N
2008-03-01,2008,San Antonio Spurs,96,Milwaukee Bucks,94,0,N
2008-03-01,2008,Philadelphia 76ers,119,Phoenix Suns,114,0,N
2008-03-01,2008,Detroit Pistons,103,Los Angeles Clippers,73,0,N
2008-03-02,2008,Chicago Bulls,86,Cleveland Cavaliers,95,0,N
2008-03-02,2008,Dallas Mavericks,104,Los Angeles Lakers,108,1,N
2008-03-02,2008,Atlanta Hawks,88,Boston Celtics,98,0,N
2008-03-02,2008,Toronto Raptors,98,Charlotte Bobcats,110,0,N
2008-03-02,2008,Milwaukee Bucks,106,Indiana Pacers,128,0,N
2008-03-02,2008,San Antonio Spurs,93,New Jersey Nets,83,0,N
2008-03-02,2008,New Orleans Hornets,84,Washington Wizards,101,0,N
2008-03-02,2008,Seattle SuperSonics,111,Minnesota Timberwolves,108,1,N
2008-03-02,2008,Denver Nuggets,89,Houston Rockets,103,0,N
2008-03-02,2008,Portland Trail Blazers,104,Golden State Warriors,110,0,N
2008-03-02,2008,Miami Heat,109,Sacramento Kings,120,0,N
2008-03-03,2008,New Orleans Hornets,100,New York Knicks,88,0,N
2008-03-03,2008,Dallas Mavericks,110,Utah Jazz,116,0,N
2008-03-03,2008,Philadelphia 76ers,106,Los Angeles Clippers,80,0,N
2008-03-04,2008,Golden State Warriors,135,Atlanta Hawks,118,0,N
2008-03-04,2008,Toronto Raptors,87,Orlando Magic,102,0,N
2008-03-04,2008,Seattle SuperSonics,97,Detroit Pistons,100,0,N
2008-03-04,2008,Charlotte Bobcats,109,Minnesota Timberwolves,89,0,N
2008-03-04,2008,Memphis Grizzlies,97,Chicago Bulls,112,0,N
2008-03-04,2008,New Jersey Nets,70,San Antonio Spurs,81,0,N
2008-03-04,2008,Phoenix Suns,97,Portland Trail Blazers,92,0,N
2008-03-04,2008,Los Angeles Lakers,117,Sacramento Kings,105,0,N
2008-03-05,2008,Golden State Warriors,109,Charlotte Bobcats,118,0,N
2008-03-05,2008,Orlando Magic,122,Washington Wizards,92,0,N
2008-03-05,2008,Detroit Pistons,78,Boston Celtics,90,0,N
2008-03-05,2008,Toronto Raptors,108,Miami Heat,83,0,N
2008-03-05,2008,Cleveland Cavaliers,119,New York Knicks,105,0,N
2008-03-05,2008,New Jersey Nets,93,Memphis Grizzlies,100,0,N
2008-03-05,2008,Seattle SuperSonics,106,Milwaukee Bucks,118,0,N
2008-03-05,2008,Atlanta Hawks,101,New Orleans Hornets,116,0,N
2008-03-05,2008,Indiana Pacers,99,Houston Rockets,117,0,N
2008-03-05,2008,Phoenix Suns,113,Denver Nuggets,126,0,N
2008-03-05,2008,Minnesota Timberwolves,76,Utah Jazz,105,0,N
2008-03-05,2008,Sacramento Kings,109,Los Angeles Clippers,116,2,N
2008-03-06,2008,Cleveland Cavaliers,96,Chicago Bulls,107,0,N
2008-03-06,2008,Indiana Pacers,97,San Antonio Spurs,108,0,N
2008-03-06,2008,Houston Rockets,113,Dallas Mavericks,98,0,N
2008-03-07,2008,Atlanta Hawks,93,Charlotte Bobcats,108,0,N
2008-03-07,2008,Seattle SuperSonics,83,Philadelphia 76ers,117,0,N
2008-03-07,2008,Washington Wizards,110,Toronto Raptors,106,1,N
2008-03-07,2008,Golden State Warriors,134,Miami Heat,99,0,N
2008-03-07,2008,Detroit Pistons,101,New York Knicks,97,0,N
2008-03-07,2008,Chicago Bulls,93,Boston Celtics,116,0,N
2008-03-07,2008,New Jersey Nets,96,New Orleans Hornets,107,0,N
2008-03-07,2008,Portland Trail Blazers,103,Milwaukee Bucks,101,0,N
2008-03-07,2008,Utah Jazz,126,Phoenix Suns,118,0,N
2008-03-07,2008,Minnesota Timberwolves,111,Sacramento Kings,103,0,N
2008-03-07,2008,San Antonio Spurs,96,Denver Nuggets,109,0,N
2008-03-07,2008,Los Angeles Clippers,82,Los Angeles Lakers,119,0,N
2008-03-08,2008,Indiana Pacers,95,Cleveland Cavaliers,103,0,N
2008-03-08,2008,Miami Heat,94,Atlanta Hawks,97,0,N
2008-03-08,2008,Golden State Warriors,104,Orlando Magic,95,0,N
2008-03-08,2008,Charlotte Bobcats,100,Washington Wizards,97,0,N
2008-03-08,2008,Portland Trail Blazers,120,New York Knicks,114,1,N
2008-03-08,2008,Boston Celtics,119,Memphis Grizzlies,89,0,N
2008-03-08,2008,New Jersey Nets,91,Dallas Mavericks,111,0,N
2008-03-08,2008,New Orleans Hornets,96,Houston Rockets,106,0,N
2008-03-08,2008,Denver Nuggets,105,Utah Jazz,132,0,N
2008-03-08,2008,Minnesota Timberwolves,99,Los Angeles Clippers,96,0,N
2008-03-09,2008,Philadelphia 76ers,119,Milwaukee Bucks,97,0,N
2008-03-09,2008,Seattle SuperSonics,106,Toronto Raptors,114,0,N
2008-03-09,2008,San Antonio Spurs,87,Phoenix Suns,94,0,N
2008-03-09,2008,Chicago Bulls,109,Detroit Pistons,116,0,N
2008-03-09,2008,Sacramento Kings,114,Los Angeles Lakers,113,0,N
2008-03-10,2008,Portland Trail Blazers,80,Cleveland Cavaliers,88,0,N
2008-03-10,2008,Atlanta Hawks,112,Orlando Magic,123,0,N
2008-03-10,2008,Boston Celtics,100,Philadelphia 76ers,86,0,N
2008-03-10,2008,Los Angeles Clippers,99,Miami Heat,98,0,N
2008-03-10,2008,New York Knicks,79,Dallas Mavericks,108,0,N
2008-03-10,2008,New Jersey Nets,73,Houston Rockets,91,0,N
2008-03-10,2008,Denver Nuggets,103,San Antonio Spurs,107,0,N
2008-03-11,2008,Seattle SuperSonics,107,Indiana Pacers,114,0,N
2008-03-11,2008,Milwaukee Bucks,97,Washington Wizards,105,0,N
2008-03-11,2008,Portland Trail Blazers,103,Minnesota Timberwolves,96,0,N
2008-03-11,2008,Utah Jazz,96,Chicago Bulls,108,0,N
2008-03-11,2008,Memphis Grizzlies,111,Phoenix Suns,132,0,N
2008-03-11,2008,Toronto Raptors,108,Los Angeles Lakers,117,0,N
2008-03-12,2008,Houston Rockets,83,Atlanta Hawks,75,0,N
2008-03-12,2008,Los Angeles Clippers,88,Orlando Magic,110,0,N
2008-03-12,2008,Seattle SuperSonics,82,Boston Celtics,111,0,N
2008-03-12,2008,Philadelphia 76ers,83,Detroit Pistons,82,0,N
2008-03-12,2008,New York Knicks,91,Miami Heat,88,0,N
2008-03-12,2008,Cleveland Cavaliers,99,New Jersey Nets,104,0,N
2008-03-12,2008,Utah Jazz,114,Milwaukee Bucks,110,0,N
2008-03-12,2008,San Antonio Spurs,75,New Orleans Hornets,100,0,N
2008-03-12,2008,Charlotte Bobcats,93,Dallas Mavericks,118,0,N
2008-03-12,2008,Memphis Grizzlies,86,Denver Nuggets,108,0,N
2008-03-12,2008,Toronto Raptors,106,Golden State Warriors,117,0,N
2008-03-13,2008,Cleveland Cavaliers,99,Washington Wizards,101,0,N
2008-03-13,2008,Portland Trail Blazers,85,Sacramento Kings,96,0,N
2008-03-13,2008,Golden State Warriors,115,Phoenix Suns,123,0,N
2008-03-14,2008,Los Angeles Clippers,93,Atlanta Hawks,117,0,N
2008-03-14,2008,Utah Jazz,110,Boston Celtics,92,0,N
2008-03-14,2008,Orlando Magic,103,Miami Heat,94,0,N
2008-03-14,2008,San Antonio Spurs,80,Detroit Pistons,84,0,N
2008-03-14,2008,Los Angeles Lakers,98,New Orleans Hornets,108,0,N
2008-03-14,2008,Philadelphia 76ers,110,Chicago Bulls,106,0,N
2008-03-14,2008,Indiana Pacers,97,Dallas Mavericks,116,0,N
2008-03-14,2008,Charlotte Bobcats,80,Houston Rockets,89,0,N
2008-03-14,2008,Toronto Raptors,105,Denver Nuggets,137,0,N
2008-03-14,2008,Minnesota Timberwolves,121,Seattle SuperSonics,116,0,N
2008-03-15,2008,Indiana Pacers,111,Orlando Magic,122,0,N
2008-03-15,2008,San Antonio Spurs,96,Philadelphia 76ers,103,0,N
2008-03-15,2008,Los Angeles Clippers,109,Washington Wizards,119,1,N
2008-03-15,2008,Utah Jazz,115,New Jersey Nets,117,0,N
2008-03-15,2008,Boston Celtics,99,Milwaukee Bucks,77,0,N
2008-03-15,2008,Sacramento Kings,99,Phoenix Suns,127,0,N
2008-03-15,2008,Minnesota Timberwolves,96,Portland Trail Blazers,107,0,N
2008-03-15,2008,Memphis Grizzlies,107,Golden State Warriors,110,0,N
2008-03-16,2008,New Orleans Hornets,84,Detroit Pistons,105,0,N
2008-03-16,2008,Los Angeles Lakers,92,Houston Rockets,104,0,N
2008-03-16,2008,Charlotte Bobcats,91,Cleveland Cavaliers,98,0,N
2008-03-16,2008,Dallas Mavericks,98,Miami Heat,73,0,N
2008-03-16,2008,Atlanta Hawks,109,New York Knicks,98,0,N
2008-03-16,2008,Seattle SuperSonics,116,Denver Nuggets,168,0,N
2008-03-16,2008,Toronto Raptors,100,Sacramento Kings,106,0,N
2008-03-17,2008,New York Knicks,98,Indiana Pacers,110,0,N
2008-03-17,2008,Cleveland Cavaliers,90,Orlando Magic,104,0,N
2008-03-17,2008,Atlanta Hawks,105,Washington Wizards,96,0,N
2008-03-17,2008,Charlotte Bobcats,80,Memphis Grizzlies,98,0,N
2008-03-17,2008,Los Angeles Clippers,90,Minnesota Timberwolves,99,0,N
2008-03-17,2008,Chicago Bulls,97,New Orleans Hornets,108,0,N
2008-03-17,2008,Boston Celtics,93,San Antonio Spurs,91,0,N
2008-03-17,2008,Toronto Raptors,79,Utah Jazz,96,0,N
2008-03-18,2008,Denver Nuggets,120,Detroit Pistons,136,0,N
2008-03-18,2008,Miami Heat,112,Milwaukee Bucks,106,0,N
2008-03-18,2008,New Jersey Nets,96,Chicago Bulls,112,0,N
2008-03-18,2008,Los Angeles Lakers,102,Dallas Mavericks,100,0,N
2008-03-18,2008,Boston Celtics,94,Houston Rockets,74,0,N
2008-03-18,2008,Golden State Warriors,105,Sacramento Kings,122,0,N
2008-03-18,2008,Phoenix Suns,111,Portland Trail Blazers,98,0,N
2008-03-19,2008,Charlotte Bobcats,95,Indiana Pacers,102,0,N
2008-03-19,2008,Washington Wizards,87,Orlando Magic,86,0,N
2008-03-19,2008,Denver Nuggets,113,Philadelphia 76ers,115,0,N
2008-03-19,2008,Miami Heat,54,Toronto Raptors,96,0,N
2008-03-19,2008,Atlanta Hawks,117,New Jersey Nets,125,0,N
2008-03-19,2008,Detroit Pistons,73,Cleveland Cavaliers,89,0,N
2008-03-19,2008,Memphis Grizzlies,94,Minnesota Timberwolves,98,0,N
2008-03-19,2008,Houston Rockets,69,New Orleans Hornets,90,0,N
2008-03-19,2008,Phoenix Suns,110,Seattle SuperSonics,98,0,N
2008-03-19,2008,Golden State Warriors,116,Los Angeles Clippers,100,0,N
2008-03-20,2008,San Antonio Spurs,102,Chicago Bulls,80,0,N
2008-03-20,2008,Boston Celtics,94,Dallas Mavericks,90,0,N
2008-03-20,2008,Los Angeles Lakers,106,Utah Jazz,95,0,N
2008-03-21,2008,Minnesota Timberwolves,113,Indiana Pacers,124,0,N
2008-03-21,2008,Philadelphia 76ers,95,Orlando Magic,113,0,N
2008-03-21,2008,Toronto Raptors,83,Cleveland Cavaliers,90,0,N
2008-03-21,2008,Washington Wizards,103,Miami Heat,86,0,N
2008-03-21,2008,Denver Nuggets,125,New Jersey Nets,114,0,N
2008-03-21,2008,Memphis Grizzlies,120,New York Knicks,106,0,N
2008-03-21,2008,Sacramento Kings,89,San Antonio Spurs,102,0,N
2008-03-21,2008,Los Angeles Clippers,102,Portland Trail Blazers,107,0,N
2008-03-21,2008,Houston Rockets,109,Golden State Warriors,106,0,N
2008-03-21,2008,Seattle SuperSonics,105,Los Angeles Lakers,130,0,N
2008-03-22,2008,Orlando Magic,90,Atlanta Hawks,98,0,N
2008-03-22,2008,Miami Heat,82,Charlotte Bobcats,94,0,N
2008-03-22,2008,New Jersey Nets,87,Philadelphia 76ers,91,0,N
2008-03-22,2008,Sacramento Kings,111,Memphis Grizzlies,117,0,N
2008-03-22,2008,New York Knicks,93,Minnesota Timberwolves,114,0,N
2008-03-22,2008,Boston Celtics,106,New Orleans Hornets,113,0,N
2008-03-22,2008,Indiana Pacers,108,Chicago Bulls,101,0,N
2008-03-22,2008,Cleveland Cavaliers,98,Milwaukee Bucks,108,0,N
2008-03-22,2008,Seattle SuperSonics,101,Utah Jazz,115,0,N
2008-03-22,2008,Houston Rockets,113,Phoenix Suns,122,0,N
2008-03-22,2008,Portland Trail Blazers,83,Los Angeles Clippers,72,0,N
2008-03-23,2008,San Antonio Spurs,88,Dallas Mavericks,81,0,N
2008-03-23,2008,Denver Nuggets,109,Toronto Raptors,100,0,N
2008-03-23,2008,Detroit Pistons,83,Washington Wizards,95,0,N
2008-03-23,2008,Golden State Warriors,115,Los Angeles Lakers,111,0,N
2008-03-24,2008,Philadelphia 76ers,95,Boston Celtics,90,0,N
2008-03-24,2008,Phoenix Suns,105,Detroit Pistons,110,1,N
2008-03-24,2008,Milwaukee Bucks,73,Miami Heat,78,0,N
2008-03-24,2008,New Jersey Nets,106,New York Knicks,91,0,N
2008-03-24,2008,Denver Nuggets,120,Memphis Grizzlies,106,0,N
2008-03-24,2008,Sacramento Kings,100,Houston Rockets,108,0,N
2008-03-24,2008,Portland Trail Blazers,84,Seattle SuperSonics,97,0,N
2008-03-24,2008,Los Angeles Lakers,123,Golden State Warriors,119,1,N
2008-03-25,2008,New Orleans Hornets,114,Indiana Pacers,106,0,N
2008-03-25,2008,San Antonio Spurs,107,Orlando Magic,97,0,N
2008-03-25,2008,Atlanta Hawks,94,Chicago Bulls,103,0,N
2008-03-25,2008,Los Angeles Clippers,90,Dallas Mavericks,103,0,N
2008-03-25,2008,Charlotte Bobcats,106,Utah Jazz,128,0,N
2008-03-25,2008,Washington Wizards,82,Portland Trail Blazers,102,0,N
2008-03-26,2008,Milwaukee Bucks,96,Atlanta Hawks,115,0,N
2008-03-26,2008,Phoenix Suns,97,Boston Celtics,117,0,N
2008-03-26,2008,New Orleans Hornets,100,Cleveland Cavaliers,99,0,N
2008-03-26,2008,Chicago Bulls,99,Philadelphia 76ers,121,0,N
2008-03-26,2008,Detroit Pistons,82,Toronto Raptors,89,0,N
2008-03-26,2008,Indiana Pacers,117,New Jersey Nets,124,0,N
2008-03-26,2008,Miami Heat,96,New York Knicks,103,1,N
2008-03-26,2008,Minnesota Timberwolves,86,Houston Rockets,97,0,N
2008-03-26,2008,Los Angeles Clippers,88,San Antonio Spurs,97,0,N
2008-03-26,2008,Memphis Grizzlies,106,Sacramento Kings,107,1,N
2008-03-26,2008,Washington Wizards,104,Seattle SuperSonics,99,0,N
2008-03-26,2008,Charlotte Bobcats,108,Los Angeles Lakers,95,0,N
2008-03-27,2008,Dallas Mavericks,105,Denver Nuggets,118,0,N
2008-03-27,2008,Miami Heat,69,Detroit Pistons,85,0,N
2008-03-27,2008,Portland Trail Blazers,95,Golden State Warriors,111,0,N
2008-03-28,2008,New Jersey Nets,115,Indiana Pacers,123,0,N
2008-03-28,2008,Phoenix Suns,107,Philadelphia 76ers,93,0,N
2008-03-28,2008,New York Knicks,95,Toronto Raptors,103,0,N
2008-03-28,2008,Chicago Bulls,103,Atlanta Hawks,106,0,N
2008-03-28,2008,New Orleans Hornets,92,Boston Celtics,112,0,N
2008-03-28,2008,Orlando Magic,103,Milwaukee Bucks,86,0,N
2008-03-28,2008,Minnesota Timberwolves,84,San Antonio Spurs,99,0,N
2008-03-28,2008,Los Angeles Clippers,101,Utah Jazz,121,0,N
2008-03-28,2008,Washington Wizards,114,Sacramento Kings,108,0,N
2008-03-28,2008,Memphis Grizzlies,114,Los Angeles Lakers,111,0,N
2008-03-28,2008,Charlotte Bobcats,96,Seattle SuperSonics,93,0,N
2008-03-29,2008,Cleveland Cavaliers,71,Detroit Pistons,85,0,N
2008-03-29,2008,Phoenix Suns,110,New Jersey Nets,104,0,N
2008-03-29,2008,Milwaukee Bucks,111,Chicago Bulls,114,0,N
2008-03-29,2008,Golden State Warriors,112,Denver Nuggets,119,0,N
2008-03-29,2008,Charlotte Bobcats,93,Portland Trail Blazers,85,0,N
2008-03-29,2008,Memphis Grizzlies,97,Los Angeles Clippers,110,0,N
2008-03-30,2008,Houston Rockets,88,San Antonio Spurs,109,0,N
2008-03-30,2008,Utah Jazz,103,Minnesota Timberwolves,110,0,N
2008-03-30,2008,New York Knicks,109,Atlanta Hawks,114,0,N
2008-03-30,2008,Miami Heat,62,Boston Celtics,88,0,N
2008-03-30,2008,Philadelphia 76ers,88,Cleveland Cavaliers,91,0,N
2008-03-30,2008,New Orleans Hornets,118,Toronto Raptors,111,0,N
2008-03-30,2008,Dallas Mavericks,104,Golden State Warriors,114,0,N
2008-03-30,2008,Sacramento Kings,120,Seattle SuperSonics,107,0,N
2008-03-30,2008,Washington Wizards,120,Los Angeles Lakers,126,1,N
2008-03-31,2008,Toronto Raptors,104,Charlotte Bobcats,100,0,N
2008-03-31,2008,Miami Heat,85,Indiana Pacers,105,0,N
2008-03-31,2008,Atlanta Hawks,116,Memphis Grizzlies,99,0,N
2008-03-31,2008,Washington Wizards,87,Utah Jazz,129,0,N
2008-03-31,2008,Denver Nuggets,117,Phoenix Suns,132,0,N
2008-03-31,2008,Dallas Mavericks,93,Los Angeles Clippers,86,0,N
2008-04-01,2008,New Orleans Hornets,98,Orlando Magic,97,0,N
2008-04-01,2008,Philadelphia 76ers,108,New Jersey Nets,99,0,N
2008-04-01,2008,New York Knicks,115,Milwaukee Bucks,119,1,N
2008-04-01,2008,Detroit Pistons,94,Minnesota Timberwolves,90,0,N
2008-04-01,2008,Boston Celtics,106,Chicago Bulls,92,0,N
2008-04-01,2008,Golden State Warriors,92,San Antonio Spurs,116,0,N
2008-04-01,2008,Phoenix Suns,120,Denver Nuggets,126,0,N
2008-04-01,2008,Houston Rockets,98,Sacramento Kings,99,0,N
2008-04-02,2008,Toronto Raptors,120,Atlanta Hawks,127,1,N
2008-04-02,2008,Indiana Pacers,77,Boston Celtics,92,0,N
2008-04-02,2008,Cleveland Cavaliers,118,Charlotte Bobcats,114,0,N
2008-04-02,2008,Milwaukee Bucks,110,Washington Wizards,109,0,N
2008-04-02,2008,New Orleans Hornets,106,Miami Heat,77,0,N
2008-04-02,2008,New York Knicks,114,Memphis Grizzlies,130,0,N
2008-04-02,2008,Minnesota Timberwolves,100,Utah Jazz,117,0,N
2008-04-02,2008,Golden State Warriors,86,Dallas Mavericks,111,0,N
2008-04-02,2008,Los Angeles Clippers,102,Seattle SuperSonics,84,0,N
2008-04-02,2008,Portland Trail Blazers,91,Los Angeles Lakers,104,0,N
2008-04-03,2008,Chicago Bulls,101,Cleveland Cavaliers,98,0,N
2008-04-03,2008,Los Angeles Clippers,98,Sacramento Kings,110,0,N
2008-04-03,2008,Houston Rockets,95,Portland Trail Blazers,86,0,N
2008-04-04,2008,Charlotte Bobcats,105,Toronto Raptors,100,0,N
2008-04-04,2008,Philadelphia 76ers,109,Atlanta Hawks,104,0,N
2008-04-04,2008,New Jersey Nets,87,Detroit Pistons,106,0,N
2008-04-04,2008,Golden State Warriors,117,Memphis Grizzlies,86,0,N
2008-04-04,2008,New York Knicks,110,New Orleans Hornets,118,0,N
2008-04-04,2008,San Antonio Spurs,64,Utah Jazz,90,0,N
2008-04-04,2008,Miami Heat,95,Washington Wizards,109,0,N
2008-04-04,2008,Indiana Pacers,105,Milwaukee Bucks,101,0,N
2008-04-04,2008,Minnesota Timberwolves,88,Phoenix Suns,117,0,N
2008-04-04,2008,Dallas Mavericks,108,Los Angeles Lakers,112,0,N
2008-04-04,2008,Houston Rockets,79,Seattle SuperSonics,66,0,N
2008-04-05,2008,Orlando Magic,101,Cleveland Cavaliers,86,0,N
2008-04-05,2008,Boston Celtics,101,Charlotte Bobcats,78,0,N
2008-04-05,2008,Atlanta Hawks,92,Philadelphia 76ers,85,0,N
2008-04-05,2008,Toronto Raptors,90,New Jersey Nets,99,0,N
2008-04-05,2008,Washington Wizards,99,Chicago Bulls,87,0,N
2008-04-05,2008,Sacramento Kings,118,Denver Nuggets,115,0,N
2008-04-06,2008,Golden State Warriors,96,New Orleans Hornets,108,0,N
2008-04-06,2008,Dallas Mavericks,105,Phoenix Suns,98,0,N
2008-04-06,2008,Milwaukee Bucks,97,Indiana Pacers,105,0,N
2008-04-06,2008,Detroit Pistons,91,Miami Heat,75,0,N
2008-04-06,2008,San Antonio Spurs,72,Portland Trail Blazers,65,0,N
2008-04-06,2008,Memphis Grizzlies,113,Minnesota Timberwolves,101,0,N
2008-04-06,2008,Orlando Magic,90,New York Knicks,100,0,N
2008-04-06,2008,Los Angeles Lakers,114,Sacramento Kings,92,0,N
2008-04-06,2008,Denver Nuggets,147,Seattle SuperSonics,151,2,N
2008-04-06,2008,Houston Rockets,105,Los Angeles Clippers,79,0,N
2008-04-08,2008,Minnesota Timberwolves,119,Charlotte Bobcats,121,0,N
2008-04-08,2008,Atlanta Hawks,98,Indiana Pacers,112,0,N
2008-04-08,2008,Chicago Bulls,88,Miami Heat,95,0,N
2008-04-08,2008,New York Knicks,98,Detroit Pistons,94,0,N
2008-04-08,2008,Phoenix Suns,127,Memphis Grizzlies,113,0,N
2008-04-08,2008,Boston Celtics,107,Milwaukee Bucks,104,1,N
2008-04-08,2008,Utah Jazz,77,New Orleans Hornets,66,0,N
2008-04-08,2008,Seattle SuperSonics,83,Dallas Mavericks,99,0,N
2008-04-08,2008,Los Angeles Lakers,103,Portland Trail Blazers,112,0,N
2008-04-08,2008,Sacramento Kings,132,Golden State Warriors,140,0,N
2008-04-08,2008,Denver Nuggets,117,Los Angeles Clippers,99,0,N
2008-04-09,2008,New Jersey Nets,83,Cleveland Cavaliers,104,0,N
2008-04-09,2008,Chicago Bulls,83,Orlando Magic,115,0,N
2008-04-09,2008,Detroit Pistons,94,Philadelphia 76ers,101,0,N
2008-04-09,2008,Milwaukee Bucks,93,Toronto Raptors,111,0,N
2008-04-09,2008,Boston Celtics,95,Washington Wizards,109,0,N
2008-04-09,2008,Charlotte Bobcats,107,New York Knicks,109,0,N
2008-04-09,2008,New Orleans Hornets,122,Minnesota Timberwolves,90,0,N
2008-04-09,2008,Seattle SuperSonics,80,Houston Rockets,103,0,N
2008-04-09,2008,Phoenix Suns,96,San Antonio Spurs,79,0,N
2008-04-10,2008,Denver Nuggets,114,Golden State Warriors,105,0,N
2008-04-10,2008,Utah Jazz,94,Dallas Mavericks,97,0,N
2008-04-10,2008,Los Angeles Lakers,106,Los Angeles Clippers,78,0,N
2008-04-11,2008,Cleveland Cavaliers,95,Chicago Bulls,100,0,N
2008-04-11,2008,Minnesota Timberwolves,102,Orlando Magic,101,0,N
2008-04-11,2008,Indiana Pacers,85,Philadelphia 76ers,76,0,N
2008-04-11,2008,New Jersey Nets,85,Toronto Raptors,113,0,N
2008-04-11,2008,Milwaukee Bucks,86,Boston Celtics,102,0,N
2008-04-11,2008,Memphis Grizzlies,96,Miami Heat,91,0,N
2008-04-11,2008,Atlanta Hawks,116,New York Knicks,104,0,N
2008-04-11,2008,Washington Wizards,74,Detroit Pistons,102,0,N
2008-04-11,2008,Phoenix Suns,90,Houston Rockets,101,0,N
2008-04-11,2008,Seattle SuperSonics,74,San Antonio Spurs,95,0,N
2008-04-11,2008,Portland Trail Blazers,86,Sacramento Kings,103,0,N
2008-04-11,2008,New Orleans Hornets,104,Los Angeles Lakers,107,0,N
2008-04-12,2008,Boston Celtics,99,Atlanta Hawks,89,0,N
2008-04-12,2008,Charlotte Bobcats,107,Indiana Pacers,103,0,N
2008-04-12,2008,Philadelphia 76ers,93,Washington Wizards,109,0,N
2008-04-12,2008,Minnesota Timberwolves,114,Memphis Grizzlies,105,0,N
2008-04-12,2008,New Jersey Nets,111,Milwaukee Bucks,98,0,N
2008-04-12,2008,Denver Nuggets,97,Utah Jazz,124,0,N
2008-04-12,2008,Dallas Mavericks,105,Portland Trail Blazers,108,0,N
2008-04-12,2008,New Orleans Hornets,91,Sacramento Kings,94,0,N
2008-04-12,2008,Los Angeles Clippers,116,Golden State Warriors,122,0,N
2008-04-13,2008,Toronto Raptors,84,Detroit Pistons,91,0,N
2008-04-13,2008,San Antonio Spurs,85,Los Angeles Lakers,106,0,N
2008-04-13,2008,Miami Heat,76,Cleveland Cavaliers,84,0,N
2008-04-13,2008,Orlando Magic,104,Chicago Bulls,84,0,N
2008-04-13,2008,Houston Rockets,94,Denver Nuggets,111,0,N
2008-04-13,2008,Dallas Mavericks,95,Seattle SuperSonics,99,0,N
2008-04-14,2008,Cleveland Cavaliers,91,Philadelphia 76ers,90,0,N
2008-04-14,2008,Miami Heat,75,Toronto Raptors,91,0,N
2008-04-14,2008,Indiana Pacers,110,Washington Wizards,117,0,N
2008-04-14,2008,Boston Celtics,99,New York Knicks,93,0,N
2008-04-14,2008,Chicago Bulls,151,Milwaukee Bucks,135,0,N
2008-04-14,2008,Houston Rockets,96,Utah Jazz,105,0,N
2008-04-14,2008,Golden State Warriors,116,Phoenix Suns,122,0,N
2008-04-14,2008,San Antonio Spurs,101,Sacramento Kings,98,0,N
2008-04-15,2008,Orlando Magic,121,Atlanta Hawks,105,0,N
2008-04-15,2008,Minnesota Timberwolves,103,Detroit Pistons,115,0,N
2008-04-15,2008,Charlotte Bobcats,108,New Jersey Nets,112,1,N
2008-04-15,2008,Los Angeles Clippers,92,New Orleans Hornets,114,0,N
2008-04-15,2008,Memphis Grizzlies,91,Portland Trail Blazers,113,0,N
2008-04-15,2008,Sacramento Kings,101,Los Angeles Lakers,124,0,N
2008-04-16,2008,Philadelphia 76ers,109,Charlotte Bobcats,115,0,N
2008-04-16,2008,Detroit Pistons,84,Cleveland Cavaliers,74,0,N
2008-04-16,2008,New York Knicks,123,Indiana Pacers,132,0,N
2008-04-16,2008,Washington Wizards,83,Orlando Magic,103,0,N
2008-04-16,2008,New Jersey Nets,94,Boston Celtics,105,0,N
2008-04-16,2008,Atlanta Hawks,99,Miami Heat,113,0,N
2008-04-16,2008,Milwaukee Bucks,101,Minnesota Timberwolves,110,1,N
2008-04-16,2008,Toronto Raptors,97,Chicago Bulls,107,0,N
2008-04-16,2008,New Orleans Hornets,98,Dallas Mavericks,111,0,N
2008-04-16,2008,Los Angeles Clippers,75,Houston Rockets,93,0,N
2008-04-16,2008,Memphis Grizzlies,111,Denver Nuggets,120,0,N
2008-04-16,2008,Utah Jazz,80,San Antonio Spurs,109,0,N
2008-04-16,2008,Portland Trail Blazers,91,Phoenix Suns,100,0,N
2008-04-16,2008,Seattle SuperSonics,126,Golden State Warriors,121,0,N
2008-04-19,2008,Washington Wizards,86,Cleveland Cavaliers,93,0,Y
2008-04-19,2008,Phoenix Suns,115,San Antonio Spurs,117,2,Y
2008-04-19,2008,Dallas Mavericks,92,New Orleans Hornets,104,0,Y
2008-04-19,2008,Utah Jazz,93,Houston Rockets,82,0,Y
2008-04-20,2008,Toronto Raptors,100,Orlando Magic,114,0,Y
2008-04-20,2008,Denver Nuggets,114,Los Angeles Lakers,128,0,Y
2008-04-20,2008,Philadelphia 76ers,90,Detroit Pistons,86,0,Y
2008-04-20,2008,Atlanta Hawks,81,Boston Celtics,104,0,Y
2008-04-21,2008,Washington Wizards,86,Cleveland Cavaliers,116,0,Y
2008-04-21,2008,Utah Jazz,90,Houston Rockets,84,0,Y
2008-04-22,2008,Dallas Mavericks,103,New Orleans Hornets,127,0,Y
2008-04-22,2008,Toronto Raptors,103,Orlando Magic,104,0,Y
2008-04-22,2008,Phoenix Suns,96,San Antonio Spurs,102,0,Y
2008-04-23,2008,Philadelphia 76ers,88,Detroit Pistons,105,0,Y
2008-04-23,2008,Atlanta Hawks,77,Boston Celtics,96,0,Y
2008-04-23,2008,Denver Nuggets,107,Los Angeles Lakers,122,0,Y
2008-04-24,2008,Orlando Magic,94,Toronto Raptors,108,0,Y
2008-04-24,2008,Cleveland Cavaliers,72,Washington Wizards,108,0,Y
2008-04-24,2008,Houston Rockets,94,Utah Jazz,92,0,Y
2008-04-25,2008,Detroit Pistons,75,Philadelphia 76ers,95,0,Y
2008-04-25,2008,New Orleans Hornets,87,Dallas Mavericks,97,0,Y
2008-04-25,2008,San Antonio Spurs,115,Phoenix Suns,99,0,Y
2008-04-26,2008,Orlando Magic,106,Toronto Raptors,94,0,Y
2008-04-26,2008,Los Angeles Lakers,102,Denver Nuggets,84,0,Y
2008-04-26,2008,Boston Celtics,93,Atlanta Hawks,102,0,Y
2008-04-26,2008,Houston Rockets,82,Utah Jazz,86,0,Y
2008-04-27,2008,Cleveland Cavaliers,100,Washington Wizards,97,0,Y
2008-04-27,2008,San Antonio Spurs,86,Phoenix Suns,105,0,Y
2008-04-27,2008,Detroit Pistons,93,Philadelphia 76ers,84,0,Y
2008-04-27,2008,New Orleans Hornets,97,Dallas Mavericks,84,0,Y
2008-04-28,2008,Toronto Raptors,92,Orlando Magic,102,0,Y
2008-04-28,2008,Boston Celtics,92,Atlanta Hawks,97,0,Y
2008-04-28,2008,Los Angeles Lakers,107,Denver Nuggets,101,0,Y
2008-04-29,2008,Philadelphia 76ers,81,Detroit Pistons,98,0,Y
2008-04-29,2008,Dallas Mavericks,94,New Orleans Hornets,99,0,Y
2008-04-29,2008,Utah Jazz,69,Houston Rockets,95,0,Y
2008-04-29,2008,Phoenix Suns,87,San Antonio Spurs,92,0,Y
2008-04-30,2008,Washington Wizards,88,Cleveland Cavaliers,87,0,Y
2008-04-30,2008,Atlanta Hawks,85,Boston Celtics,110,0,Y
2008-05-01,2008,Detroit Pistons,100,Philadelphia 76ers,77,0,Y
2008-05-02,2008,Cleveland Cavaliers,105,Washington Wizards,88,0,Y
2008-05-02,2008,Boston Celtics,100,Atlanta Hawks,103,0,Y
2008-05-02,2008,Houston Rockets,91,Utah Jazz,113,0,Y
2008-05-03,2008,Orlando Magic,72,Detroit Pistons,91,0,Y
2008-05-03,2008,San Antonio Spurs,82,New Orleans Hornets,101,0,Y
2008-05-04,2008,Atlanta Hawks,65,Boston Celtics,99,0,Y
2008-05-04,2008,Utah Jazz,98,Los Angeles Lakers,109,0,Y
2008-05-05,2008,Orlando Magic,93,Detroit Pistons,100,0,Y
2008-05-05,2008,San Antonio Spurs,84,New Orleans Hornets,102,0,Y
2008-05-06,2008,Cleveland Cavaliers,72,Boston Celtics,76,0,Y
2008-05-07,2008,Detroit Pistons,86,Orlando Magic,111,0,Y
2008-05-07,2008,Utah Jazz,110,Los Angeles Lakers,120,0,Y
2008-05-08,2008,Cleveland Cavaliers,73,Boston Celtics,89,0,Y
2008-05-08,2008,New Orleans Hornets,99,San Antonio Spurs,110,0,Y
2008-05-09,2008,Los Angeles Lakers,99,Utah Jazz,104,0,Y
2008-05-10,2008,Detroit Pistons,90,Orlando Magic,89,0,Y
2008-05-10,2008,Boston Celtics,84,Cleveland Cavaliers,108,0,Y
2008-05-11,2008,Los Angeles Lakers,115,Utah Jazz,123,1,Y
2008-05-11,2008,New Orleans Hornets,80,San Antonio Spurs,100,0,Y
2008-05-12,2008,Boston Celtics,77,Cleveland Cavaliers,88,0,Y
2008-05-13,2008,Orlando Magic,86,Detroit Pistons,91,0,Y
2008-05-13,2008,San Antonio Spurs,79,New Orleans Hornets,101,0,Y
2008-05-14,2008,Cleveland Cavaliers,89,Boston Celtics,96,0,Y
2008-05-14,2008,Utah Jazz,104,Los Angeles Lakers,111,0,Y
2008-05-15,2008,New Orleans Hornets,80,San Antonio Spurs,99,0,Y
2008-05-16,2008,Boston Celtics,69,Cleveland Cavaliers,74,0,Y
2008-05-16,2008,Los Angeles Lakers,108,Utah Jazz,105,0,Y
2008-05-18,2008,Cleveland Cavaliers,92,Boston Celtics,97,0,Y
2008-05-19,2008,San Antonio Spurs,91,New Orleans Hornets,82,0,Y
2008-05-20,2008,Detroit Pistons,79,Boston Celtics,88,0,Y
2008-05-21,2008,San Antonio Spurs,85,Los Angeles Lakers,89,0,Y
2008-05-22,2008,Detroit Pistons,103,Boston Celtics,97,0,Y
2008-05-23,2008,San Antonio Spurs,71,Los Angeles Lakers,101,0,Y
2008-05-24,2008,Boston Celtics,94,Detroit Pistons,80,0,Y
2008-05-25,2008,Los Angeles Lakers,84,San Antonio Spurs,103,0,Y
2008-05-26,2008,Boston Celtics,75,Detroit Pistons,94,0,Y
2008-05-27,2008,Los Angeles Lakers,93,San Antonio Spurs,91,0,Y
2008-05-28,2008,Detroit Pistons,102,Boston Celtics,106,0,Y
2008-05-29,2008,San Antonio Spurs,92,Los Angeles Lakers,100,0,Y
2008-05-30,2008,Boston Celtics,89,Detroit Pistons,81,0,Y
2008-06-05,2008,Los Angeles Lakers,88,Boston Celtics,98,0,Y
2008-06-08,2008,Los Angeles Lakers,102,Boston Celtics,108,0,Y
2008-06-10,2008,Boston Celtics,81,Los Angeles Lakers,87,0,Y
2008-06-12,2008,Boston Celtics,97,Los Angeles Lakers,91,0,Y
2008-06-15,2008,Boston Celtics,98,Los Angeles Lakers,103,0,Y
2008-06-17,2008,Los Angeles Lakers,92,Boston Celtics,131,0,Y
